results for experiment 3 at timestamp 2018     4    18     0     8    33
samp#		order		kappa		exact		rational		time		chebyshev		time
10		12		1.00		Inf		NaN		0.05713		NaN		0.00027
10		12		4.50		10.72784		11.54494		0.03777		10.42613		0.00028
10		12		8.00		6.95801		5.33907		0.03901		7.52850		0.00029
10		12		11.50		4.96235		3.85372		0.03960		5.40211		0.00036
10		12		15.00		3.61540		1.49437		0.04192		5.56227		0.00029
10		13		1.00		Inf		NaN		0.06301		NaN		0.00030
10		13		4.50		10.72784		11.54494		0.04170		9.83620		0.00034
10		13		8.00		6.95801		6.93724		0.03892		5.79955		0.00028
10		13		11.50		4.96235		4.48068		0.03927		4.84470		0.00029
10		13		15.00		3.61540		2.08054		0.03964		4.98731		0.00031
10		14		1.00		Inf		NaN		0.05385		NaN		0.00029
10		14		4.50		10.72784		10.89395		0.04077		11.22619		0.00035
10		14		8.00		6.95801		7.50459		0.04278		7.23728		0.00037
10		14		11.50		4.96235		4.18079		0.03933		6.56806		0.00028
10		14		15.00		3.61540		2.13996		0.03948		5.16218		0.00039
10		15		1.00		Inf		NaN		0.05982		NaN		0.00049
10		15		4.50		10.72784		11.42283		0.04594		10.90743		0.00045
10		15		8.00		6.95801		5.22022		0.04267		6.18567		0.00030
10		15		11.50		4.96235		4.55034		0.04462		4.62007		0.00040
10		15		15.00		3.61540		0.78068		0.04306		4.22458		0.00030
10		16		1.00		Inf		NaN		0.06585		NaN		0.00051
10		16		4.50		10.72784		11.48389		0.04492		9.65660		0.00045
10		16		8.00		6.95801		5.98371		0.04487		7.33228		0.00046
10		16		11.50		4.96235		5.95288		0.04532		8.48532		0.00035
10		16		15.00		3.61540		4.86987		0.04219		2.25637		0.00031
18		12		1.00		Inf		NaN		0.06394		NaN		0.00030
18		12		4.50		10.72784		12.22492		0.03982		10.05738		0.00052
18		12		8.00		6.95801		5.25983		0.03866		5.85570		0.00029
18		12		11.50		4.96235		4.19495		0.03925		5.70668		0.00044
18		12		15.00		3.61540		0.32884		0.04031		3.05117		0.00039
18		13		1.00		Inf		NaN		0.06431		NaN		0.00033
18		13		4.50		10.72784		11.32099		0.05446		9.83139		0.00042
18		13		8.00		6.95801		6.35563		0.04546		7.84594		0.00041
18		13		11.50		4.96235		5.19124		0.04378		4.04061		0.00030
18		13		15.00		3.61540		4.25262		0.03995		5.71851		0.00031
18		14		1.00		Inf		NaN		0.06331		NaN		0.00039
18		14		4.50		10.72784		10.20803		0.04006		11.36438		0.00038
18		14		8.00		6.95801		7.84589		0.03924		8.91199		0.00030
18		14		11.50		4.96235		4.05525		0.04353		5.85780		0.00087
18		14		15.00		3.61540		4.68212		0.04623		2.66590		0.00029
18		15		1.00		Inf		NaN		0.07516		NaN		0.00047
18		15		4.50		10.72784		10.67696		0.04428		9.89923		0.00037
18		15		8.00		6.95801		6.20049		0.04512		8.81625		0.00049
18		15		11.50		4.96235		3.54366		0.04357		5.21822		0.00043
18		15		15.00		3.61540		2.86656		0.04359		2.80868		0.00042
18		16		1.00		Inf		NaN		0.07796		NaN		0.00055
18		16		4.50		10.72784		11.49257		0.04433		10.92937		0.00042
18		16		8.00		6.95801		6.51739		0.04645		8.09014		0.00091
18		16		11.50		4.96235		6.22623		0.04456		7.07438		0.00037
18		16		15.00		3.61540		2.56130		0.04483		3.65493		0.00037
26		12		1.00		Inf		NaN		0.07131		NaN		0.00046
26		12		4.50		10.72784		10.77862		0.03924		9.46313		0.00054
26		12		8.00		6.95801		6.33992		0.03904		6.22804		0.00029
26		12		11.50		4.96235		3.21006		0.04008		5.41609		0.00044
26		12		15.00		3.61540		4.13820		0.04195		3.49109		0.00029
26		13		1.00		Inf		NaN		0.07504		NaN		0.00031
26		13		4.50		10.72784		11.62613		0.03905		11.65098		0.00035
26		13		8.00		6.95801		7.12711		0.04662		8.20341		0.00030
26		13		11.50		4.96235		3.81942		0.04168		4.78798		0.00030
26		13		15.00		3.61540		4.20574		0.03890		2.39600		0.00036
26		14		1.00		Inf		NaN		0.07998		NaN		0.00043
26		14		4.50		10.72784		10.85562		0.04555		10.22845		0.00046
26		14		8.00		6.95801		6.74779		0.04401		7.06544		0.00045
26		14		11.50		4.96235		5.23844		0.04147		4.38814		0.00042
26		14		15.00		3.61540		3.93124		0.04102		4.03536		0.00032
26		15		1.00		Inf		NaN		0.09068		NaN		0.00048
26		15		4.50		10.72784		11.43064		0.04349		10.87910		0.00042
26		15		8.00		6.95801		5.92289		0.04609		6.65638		0.00034
26		15		11.50		4.96235		5.78834		0.04720		5.67078		0.00030
26		15		15.00		3.61540		2.29531		0.04308		2.05178		0.00057
26		16		1.00		Inf		NaN		0.09122		NaN		0.00053
26		16		4.50		10.72784		10.91295		0.04489		10.67432		0.00046
26		16		8.00		6.95801		6.78093		0.04920		7.68010		0.00044
26		16		11.50		4.96235		5.85597		0.04445		6.26378		0.00035
26		16		15.00		3.61540		3.57946		0.04772		3.63847		0.00051
34		12		1.00		Inf		NaN		0.08151		NaN		0.00044
34		12		4.50		10.72784		10.25325		0.04254		10.24929		0.00043
34		12		8.00		6.95801		7.13099		0.04286		6.34303		0.00058
34		12		11.50		4.96235		4.67999		0.04667		5.12510		0.00054
34		12		15.00		3.61540		1.61391		0.04839		3.86551		0.00049
34		13		1.00		Inf		NaN		0.08860		NaN		0.00050
34		13		4.50		10.72784		11.10074		0.05561		10.69297		0.00031
34		13		8.00		6.95801		6.72123		0.04959		5.37145		0.00034
34		13		11.50		4.96235		5.66444		0.06847		5.21313		0.00045
34		13		15.00		3.61540		3.20226		0.07896		4.10573		0.00045
34		14		1.00		Inf		NaN		0.13146		NaN		0.00047
34		14		4.50		10.72784		10.54535		0.07672		10.70592		0.00067
34		14		8.00		6.95801		6.99557		0.07755		6.94842		0.00047
34		14		11.50		4.96235		4.57481		0.05705		4.35489		0.00051
34		14		15.00		3.61540		3.06815		0.05509		3.79181		0.00046
34		15		1.00		Inf		NaN		0.10455		NaN		0.00047
34		15		4.50		10.72784		10.14364		0.04529		11.15357		0.00046
34		15		8.00		6.95801		6.01791		0.04591		6.60506		0.00035
34		15		11.50		4.96235		5.92455		0.04920		5.56557		0.00038
34		15		15.00		3.61540		2.76085		0.04533		3.51244		0.00049
34		16		1.00		Inf		NaN		0.10416		NaN		0.00058
34		16		4.50		10.72784		11.02892		0.04598		10.25325		0.00046
34		16		8.00		6.95801		6.13500		0.04622		8.11477		0.00041
34		16		11.50		4.96235		5.07903		0.04527		4.06342		0.00033
34		16		15.00		3.61540		5.26876		0.04572		1.69330		0.00034
42		12		1.00		Inf		NaN		0.09287		NaN		0.00041
42		12		4.50		10.72784		11.17490		0.04216		10.99252		0.00046
42		12		8.00		6.95801		6.88374		0.04054		6.87394		0.00033
42		12		11.50		4.96235		5.25442		0.04048		4.88144		0.00046
42		12		15.00		3.61540		4.08401		0.04173		3.63963		0.00046
42		13		1.00		Inf		NaN		0.09562		NaN		0.00035
42		13		4.50		10.72784		10.47599		0.04235		10.38641		0.00038
42		13		8.00		6.95801		6.89436		0.04154		6.55421		0.00052
42		13		11.50		4.96235		5.15854		0.04024		4.29856		0.00035
42		13		15.00		3.61540		3.45899		0.03995		3.16783		0.00031
42		14		1.00		Inf		NaN		0.10305		NaN		0.00048
42		14		4.50		10.72784		10.16448		0.04013		10.50506		0.00035
42		14		8.00		6.95801		6.09441		0.04160		6.99906		0.00046
42		14		11.50		4.96235		5.50037		0.03765		5.65851		0.00035
42		14		15.00		3.61540		3.71587		0.04167		2.50839		0.00033
42		15		1.00		Inf		NaN		0.10575		NaN		0.00048
42		15		4.50		10.72784		10.52196		0.05531		11.17338		0.00032
42		15		8.00		6.95801		6.38298		0.04762		7.12140		0.00054
42		15		11.50		4.96235		4.65652		0.04573		4.34936		0.00032
42		15		15.00		3.61540		4.15348		0.04634		3.55437		0.00038
42		16		1.00		Inf		NaN		0.11663		NaN		0.00052
42		16		4.50		10.72784		10.28956		0.05368		11.30724		0.00059
42		16		8.00		6.95801		7.00399		0.07631		6.75077		0.00053
42		16		11.50		4.96235		4.08390		0.09049		3.18671		0.00069
42		16		15.00		3.61540		2.65323		0.05718		3.41740		0.00049
50		12		1.00		Inf		NaN		0.11202		NaN		0.00036
50		12		4.50		10.72784		11.18274		0.04992		11.30073		0.00046
50		12		8.00		6.95801		6.96871		0.05147		7.38881		0.00030
50		12		11.50		4.96235		4.60673		0.05265		4.66429		0.00038
50		12		15.00		3.61540		2.06919		0.05320		4.48880		0.00044
50		13		1.00		Inf		NaN		0.10824		NaN		0.00053
50		13		4.50		10.72784		10.77668		0.03787		10.55974		0.00032
50		13		8.00		6.95801		6.53560		0.03919		6.18157		0.00031
50		13		11.50		4.96235		5.03625		0.03993		4.63624		0.00033
50		13		15.00		3.61540		3.90822		0.04272		2.98200		0.00033
50		14		1.00		Inf		NaN		0.10930		NaN		0.00056
50		14		4.50		10.72784		11.17663		0.04385		11.33736		0.00034
50		14		8.00		6.95801		6.18566		0.04402		6.83564		0.00052
50		14		11.50		4.96235		4.59519		0.04079		4.29975		0.00036
50		14		15.00		3.61540		3.19574		0.03830		1.03871		0.00034
50		15		1.00		Inf		NaN		0.12423		NaN		0.00058
50		15		4.50		10.72784		10.48790		0.04305		10.95699		0.00040
50		15		8.00		6.95801		6.44529		0.04662		6.54869		0.00033
50		15		11.50		4.96235		5.24285		0.04603		4.15726		0.00053
50		15		15.00		3.61540		3.21496		0.04768		3.82137		0.00055
50		16		1.00		Inf		NaN		0.16712		NaN		0.00056
50		16		4.50		10.72784		10.42343		0.06009		10.58075		0.00059
50		16		8.00		6.95801		6.23735		0.05957		7.75945		0.00054
50		16		11.50		4.96235		4.78905		0.06267		5.57184		0.00055
50		16		15.00		3.61540		4.54086		0.06669		4.64187		0.00060
results for experiment 3 at timestamp 2018     4    18     0    10    11
samp#		order		kappa		exact		rational		time		chebyshev		time
10		12		1.00		Inf		NaN		0.08925		NaN		0.00080
10		12		4.50		53.00697		53.28026		0.04499		52.22536		0.00046
10		12		8.00		42.54465		43.51109		0.04023		43.71451		0.00045
10		12		11.50		37.62012		37.44865		0.03872		35.86298		0.00030
10		12		15.00		34.55056		32.83069		0.04099		31.31118		0.00052
10		13		1.00		Inf		NaN		0.09630		NaN		0.00082
10		13		4.50		53.00697		52.69253		0.04012		51.57012		0.00041
10		13		8.00		42.54465		42.79208		0.04804		41.91357		0.00030
10		13		11.50		37.62012		39.69880		0.04498		35.95917		0.00033
10		13		15.00		34.55056		32.24435		0.04041		32.05837		0.00031
10		14		1.00		Inf		NaN		0.09281		NaN		0.00061
10		14		4.50		53.00697		52.35032		0.05375		50.97418		0.00035
10		14		8.00		42.54465		43.81545		0.05502		43.72197		0.00047
10		14		11.50		37.62012		36.52753		0.04829		37.61046		0.00046
10		14		15.00		34.55056		34.01196		0.05180		34.83780		0.00033
10		15		1.00		Inf		NaN		0.11375		NaN		0.00059
10		15		4.50		53.00697		54.32314		0.06143		50.01928		0.00047
10		15		8.00		42.54465		45.30178		0.06160		42.25916		0.00054
10		15		11.50		37.62012		39.13912		0.07556		36.27048		0.00052
10		15		15.00		34.55056		35.98344		0.07776		38.93920		0.00032
10		16		1.00		Inf		NaN		0.11185		NaN		0.00044
10		16		4.50		53.00697		55.00324		0.06738		52.24630		0.00034
10		16		8.00		42.54465		44.63969		0.05573		43.05837		0.00034
10		16		11.50		37.62012		37.17567		0.04503		38.08590		0.00037
10		16		15.00		34.55056		33.11910		0.05026		33.72198		0.00045
18		12		1.00		Inf		NaN		0.11662		NaN		0.00045
18		12		4.50		53.00697		52.56002		0.04170		52.45227		0.00044
18		12		8.00		42.54465		42.11647		0.04238		42.13547		0.00034
18		12		11.50		37.62012		35.48054		0.03982		38.79515		0.00041
18		12		15.00		34.55056		35.98446		0.04120		36.93316		0.00037
18		13		1.00		Inf		NaN		0.12768		NaN		0.00071
18		13		4.50		53.00697		53.36864		0.04148		54.35928		0.00034
18		13		8.00		42.54465		40.13195		0.04853		39.67801		0.00035
18		13		11.50		37.62012		38.59088		0.05218		36.71461		0.00049
18		13		15.00		34.55056		35.65251		0.04111		34.71144		0.00042
18		14		1.00		Inf		NaN		0.13372		NaN		0.00065
18		14		4.50		53.00697		52.63298		0.04083		53.57659		0.00042
18		14		8.00		42.54465		44.27105		0.04287		42.81296		0.00036
18		14		11.50		37.62012		35.27225		0.04138		35.45591		0.00046
18		14		15.00		34.55056		32.70185		0.04417		36.40244		0.00039
18		15		1.00		Inf		NaN		0.14145		NaN		0.00053
18		15		4.50		53.00697		53.11742		0.04618		52.26249		0.00059
18		15		8.00		42.54465		44.79771		0.05650		40.61166		0.00036
18		15		11.50		37.62012		36.80693		0.05225		38.07845		0.00048
18		15		15.00		34.55056		33.83817		0.07469		34.28539		0.00047
18		16		1.00		Inf		NaN		0.15575		NaN		0.00057
18		16		4.50		53.00697		52.26148		0.04296		54.12458		0.00049
18		16		8.00		42.54465		44.23606		0.04617		44.03551		0.00047
18		16		11.50		37.62012		37.19524		0.04816		37.07900		0.00056
18		16		15.00		34.55056		32.63618		0.04341		36.94418		0.00100
26		12		1.00		Inf		NaN		0.16519		NaN		0.00071
26		12		4.50		53.00697		53.00638		0.05098		53.94906		0.00042
26		12		8.00		42.54465		43.62244		0.05192		44.80371		0.00059
26		12		11.50		37.62012		37.87245		0.05125		36.43377		0.00036
26		12		15.00		34.55056		32.76977		0.05041		34.91656		0.00037
26		13		1.00		Inf		NaN		0.17460		NaN		0.00061
26		13		4.50		53.00697		54.37568		0.04482		52.52130		0.00046
26		13		8.00		42.54465		41.28823		0.03936		41.11757		0.00110
26		13		11.50		37.62012		37.26490		0.04721		37.02396		0.00054
26		13		15.00		34.55056		32.80835		0.05697		34.43469		0.00056
26		14		1.00		Inf		NaN		0.18368		NaN		0.00104
26		14		4.50		53.00697		52.41144		0.05028		53.02282		0.00040
26		14		8.00		42.54465		43.28993		0.05081		44.19890		0.00050
26		14		11.50		37.62012		38.72618		0.05263		37.46211		0.00055
26		14		15.00		34.55056		35.58651		0.05566		35.14885		0.00057
26		15		1.00		Inf		NaN		0.19276		NaN		0.00068
26		15		4.50		53.00697		54.09699		0.04637		53.39449		0.00060
26		15		8.00		42.54465		43.33923		0.05139		41.78663		0.00046
26		15		11.50		37.62012		37.71069		0.05848		36.83303		0.00040
26		15		15.00		34.55056		35.38325		0.05267		33.03721		0.00056
26		16		1.00		Inf		NaN		0.19747		NaN		0.00070
26		16		4.50		53.00697		53.13677		0.04570		53.25504		0.00062
26		16		8.00		42.54465		43.17545		0.04462		42.49375		0.00073
26		16		11.50		37.62012		36.95719		0.06345		39.60844		0.00059
26		16		15.00		34.55056		32.18183		0.04921		35.15783		0.00046
34		12		1.00		Inf		NaN		0.17444		NaN		0.00062
34		12		4.50		53.00697		52.59183		0.04066		52.66650		0.00042
34		12		8.00		42.54465		42.97480		0.04184		41.94245		0.00055
34		12		11.50		37.62012		38.70184		0.04098		36.00400		0.00047
34		12		15.00		34.55056		36.09456		0.04165		35.15608		0.00039
34		13		1.00		Inf		NaN		0.19790		NaN		0.00070
34		13		4.50		53.00697		53.60285		0.04097		53.33912		0.00082
34		13		8.00		42.54465		42.00157		0.04105		42.26652		0.00061
34		13		11.50		37.62012		38.05039		0.04854		37.70457		0.00064
34		13		15.00		34.55056		34.39235		0.05308		35.44054		0.00063
34		14		1.00		Inf		NaN		0.20434		NaN		0.00079
34		14		4.50		53.00697		52.40329		0.04145		54.21280		0.00064
34		14		8.00		42.54465		42.63665		0.03982		40.86461		0.00064
34		14		11.50		37.62012		35.61546		0.04040		37.02468		0.00040
34		14		15.00		34.55056		35.64272		0.04315		35.82419		0.00061
34		15		1.00		Inf		NaN		0.22116		NaN		0.00088
34		15		4.50		53.00697		52.78666		0.04394		53.14791		0.00061
34		15		8.00		42.54465		44.21791		0.04499		42.65816		0.00043
34		15		11.50		37.62012		40.11382		0.04529		36.88314		0.00044
34		15		15.00		34.55056		34.79837		0.04585		33.96788		0.00044
34		16		1.00		Inf		NaN		0.24425		NaN		0.00090
34		16		4.50		53.00697		53.44557		0.04722		53.15206		0.00077
34		16		8.00		42.54465		42.62774		0.04469		43.26124		0.00071
34		16		11.50		37.62012		36.65603		0.04774		37.37156		0.00073
34		16		15.00		34.55056		34.87067		0.04464		33.94882		0.00043
42		12		1.00		Inf		NaN		0.20992		NaN		0.00094
42		12		4.50		53.00697		52.48249		0.04331		53.43443		0.00038
42		12		8.00		42.54465		42.31212		0.04045		42.51843		0.00042
42		12		11.50		37.62012		38.62818		0.03944		38.23315		0.00045
42		12		15.00		34.55056		35.63999		0.04238		33.92659		0.00040
42		13		1.00		Inf		NaN		0.22924		NaN		0.00115
42		13		4.50		53.00697		51.91619		0.04131		53.00853		0.00044
42		13		8.00		42.54465		41.77307		0.03926		42.40806		0.00074
42		13		11.50		37.62012		38.27868		0.04049		38.05221		0.00067
42		13		15.00		34.55056		35.33016		0.03957		33.48936		0.00099
42		14		1.00		Inf		NaN		0.23983		NaN		0.00077
42		14		4.50		53.00697		52.81947		0.05433		52.86621		0.00074
42		14		8.00		42.54465		43.20193		0.04410		41.29366		0.00066
42		14		11.50		37.62012		37.39694		0.04134		36.70537		0.00081
42		14		15.00		34.55056		33.51382		0.04181		36.26294		0.00057
42		15		1.00		Inf		NaN		0.27788		NaN		0.00094
42		15		4.50		53.00697		52.92651		0.04900		53.56874		0.00051
42		15		8.00		42.54465		41.90383		0.04337		42.92648		0.00083
42		15		11.50		37.62012		39.70050		0.05008		36.48701		0.00080
42		15		15.00		34.55056		34.99703		0.04409		32.54342		0.00054
42		16		1.00		Inf		NaN		0.29138		NaN		0.00088
42		16		4.50		53.00697		52.60599		0.04655		52.67548		0.00090
42		16		8.00		42.54465		42.49964		0.04379		43.03818		0.00047
42		16		11.50		37.62012		39.12026		0.04827		37.07674		0.00071
42		16		15.00		34.55056		34.32352		0.04801		36.41136		0.00073
50		12		1.00		Inf		NaN		0.23514		NaN		0.00080
50		12		4.50		53.00697		53.27335		0.04205		52.99468		0.00057
50		12		8.00		42.54465		41.72231		0.04614		42.96788		0.00064
50		12		11.50		37.62012		36.35095		0.04052		37.97287		0.00044
50		12		15.00		34.55056		33.76734		0.04117		34.19920		0.00044
50		13		1.00		Inf		NaN		0.26762		NaN		0.00100
50		13		4.50		53.00697		53.66888		0.03950		52.84492		0.00047
50		13		8.00		42.54465		42.83027		0.04458		42.93090		0.00044
50		13		11.50		37.62012		36.24927		0.04298		37.56653		0.00045
50		13		15.00		34.55056		34.53629		0.04140		33.54337		0.00065
50		14		1.00		Inf		NaN		0.28615		NaN		0.00176
50		14		4.50		53.00697		52.51311		0.07356		52.99917		0.00060
50		14		8.00		42.54465		42.20530		0.07208		42.24044		0.00047
50		14		11.50		37.62012		37.89774		0.05903		37.35332		0.00058
50		14		15.00		34.55056		35.22565		0.03859		35.20838		0.00046
50		15		1.00		Inf		NaN		0.30617		NaN		0.00100
50		15		4.50		53.00697		52.37074		0.04451		53.02151		0.00062
50		15		8.00		42.54465		44.39602		0.04709		44.48570		0.00057
50		15		11.50		37.62012		37.54590		0.05396		37.47796		0.00071
50		15		15.00		34.55056		35.00942		0.04755		33.97831		0.00051
50		16		1.00		Inf		NaN		0.33342		NaN		0.00101
50		16		4.50		53.00697		51.52209		0.04645		52.48672		0.00083
50		16		8.00		42.54465		41.78229		0.04547		43.88369		0.00052
50		16		11.50		37.62012		36.93968		0.04643		36.99641		0.00049
50		16		15.00		34.55056		34.95183		0.04596		33.86807		0.00051

results for experiment 3 at timestamp 2018     4    18     0    15    15
samp#		order		kappa		exact		rational		time		chebyshev		time
10		12		1.00		Inf		NaN		6.51430		NaN		0.26760
10		12		4.50		3832.74811		3835.90954		0.08173		3829.49660		0.00392
10		12		8.00		3426.85214		3432.39595		0.07717		3423.99979		0.00395
10		12		11.50		3262.18522		3261.66820		0.06849		3274.64484		0.00273
10		12		15.00		3171.70930		3164.89885		0.06118		3173.71038		0.00298
10		13		1.00		Inf		NaN		7.31366		NaN		0.28379
10		13		4.50		3832.74811		3840.94567		0.06368		3833.07618		0.00280
10		13		8.00		3426.85214		3426.36192		0.07300		3427.20002		0.00258
10		13		11.50		3262.18522		3253.29539		0.06479		3258.35189		0.00311
10		13		15.00		3171.70930		3166.98397		0.06282		3168.63872		0.00256
10		14		1.00		Inf		NaN		7.46794		NaN		0.30337
10		14		4.50		3832.74811		3831.19313		0.06419		3830.49861		0.00327
10		14		8.00		3426.85214		3447.81942		0.06225		3419.93049		0.00346
10		14		11.50		3262.18522		3270.52104		0.06659		3270.43164		0.00433
10		14		15.00		3171.70930		3172.57283		0.07114		3171.52466		0.00484
10		15		1.00		Inf		NaN		8.07140		NaN		0.33123
10		15		4.50		3832.74811		3828.42605		0.06654		3837.31227		0.00302
10		15		8.00		3426.85214		3432.09030		0.07642		3425.72878		0.00328
10		15		11.50		3262.18522		3263.96108		0.07270		3253.93201		0.00413
10		15		15.00		3171.70930		3179.15460		0.08774		3173.87445		0.00374
10		16		1.00		Inf		NaN		8.82513		NaN		0.34887
10		16		4.50		3832.74811		3836.34631		0.07441		3836.79783		0.00333
10		16		8.00		3426.85214		3417.41959		0.07941		3422.80351		0.00346
10		16		11.50		3262.18522		3262.35518		0.09194		3273.68249		0.00511
10		16		15.00		3171.70930		3179.57385		0.09224		3169.55982		0.00471
18		12		1.00		Inf		NaN		10.55967		NaN		0.44179
18		12		4.50		3832.74811		3831.32668		0.07836		3834.70751		0.00377
18		12		8.00		3426.85214		3432.48337		0.07544		3423.28392		0.00378
18		12		11.50		3262.18522		3270.03101		0.07275		3266.91900		0.00413
18		12		15.00		3171.70930		3174.13929		0.07468		3168.32301		0.00445
18		13		1.00		Inf		NaN		11.82564		NaN		0.48137
18		13		4.50		3832.74811		3828.12884		0.08041		3830.87083		0.00431
18		13		8.00		3426.85214		3429.20566		0.07975		3424.90927		0.00403
18		13		11.50		3262.18522		3256.18684		0.07791		3268.22390		0.00404
18		13		15.00		3171.70930		3172.23811		0.08016		3161.56032		0.00439
18		14		1.00		Inf		NaN		12.13161		NaN		0.51141
18		14		4.50		3832.74811		3831.50394		0.07861		3836.26793		0.00485
18		14		8.00		3426.85214		3425.54503		0.07793		3427.53083		0.00459
18		14		11.50		3262.18522		3258.21830		0.08569		3262.46905		0.00539
18		14		15.00		3171.70930		3177.81859		0.08083		3168.38458		0.00540
18		15		1.00		Inf		NaN		13.21530		NaN		0.54646
18		15		4.50		3832.74811		3844.66532		0.08961		3831.41800		0.00457
18		15		8.00		3426.85214		3428.07402		0.08695		3430.85500		0.00502
18		15		11.50		3262.18522		3268.60870		0.08728		3260.13715		0.00457
18		15		15.00		3171.70930		3168.54417		0.08285		3169.19703		0.00543
18		16		1.00		Inf		NaN		14.61522		NaN		0.57933
18		16		4.50		3832.74811		3834.41675		0.09265		3831.59842		0.00507
18		16		8.00		3426.85214		3422.63974		0.09449		3435.57124		0.00513
18		16		11.50		3262.18522		3270.48229		0.08909		3271.17234		0.00618
18		16		15.00		3171.70930		3163.71155		0.09140		3167.98053		0.00508
26		12		1.00		Inf		NaN		14.53141		NaN		0.62507
26		12		4.50		3832.74811		3840.35304		0.09108		3834.42909		0.00605
26		12		8.00		3426.85214		3429.98702		0.10105		3419.92796		0.00593
26		12		11.50		3262.18522		3264.11900		0.11101		3263.24255		0.00896
26		12		15.00		3171.70930		3173.91100		0.10587		3178.42400		0.00615
26		13		1.00		Inf		NaN		16.08463		NaN		0.67592
26		13		4.50		3832.74811		3835.90821		0.09522		3829.95094		0.00562
26		13		8.00		3426.85214		3423.94177		0.09798		3425.23159		0.00774
26		13		11.50		3262.18522		3259.72920		0.09395		3260.54716		0.00687
26		13		15.00		3171.70930		3166.30514		0.10331		3168.51442		0.00800
26		14		1.00		Inf		NaN		16.86212		NaN		0.71941
26		14		4.50		3832.74811		3833.32184		0.09740		3838.05914		0.00697
26		14		8.00		3426.85214		3428.07977		0.09511		3420.68388		0.00974
26		14		11.50		3262.18522		3266.34611		0.10082		3259.70676		0.00625
26		14		15.00		3171.70930		3174.38459		0.09237		3176.06542		0.00600
26		15		1.00		Inf		NaN		18.67340		NaN		0.77769
26		15		4.50		3832.74811		3834.50631		0.10445		3837.67208		0.00670
26		15		8.00		3426.85214		3423.82489		0.10807		3426.02972		0.00633
26		15		11.50		3262.18522		3259.24324		0.11113		3262.60684		0.00651
26		15		15.00		3171.70930		3166.84019		0.10491		3173.11408		0.00628
26		16		1.00		Inf		NaN		20.75412		NaN		0.90323
26		16		4.50		3832.74811		3831.50538		0.11430		3828.90670		0.00685
26		16		8.00		3426.85214		3426.18190		0.11302		3419.01154		0.00740
26		16		11.50		3262.18522		3261.02791		0.10877		3265.13479		0.00694
26		16		15.00		3171.70930		3172.13484		0.11369		3178.65447		0.00854
34		12		1.00		Inf		NaN		18.79933		NaN		0.81538
34		12		4.50		3832.74811		3834.15443		0.11342		3834.09632		0.00907
34		12		8.00		3426.85214		3426.42679		0.13402		3425.67867		0.01120
34		12		11.50		3262.18522		3264.88085		0.11577		3266.85744		0.00970
34		12		15.00		3171.70930		3177.13466		0.12206		3172.72541		0.01037
34		13		1.00		Inf		NaN		20.75009		NaN		0.86734
34		13		4.50		3832.74811		3829.06460		0.11259		3834.11780		0.00852
34		13		8.00		3426.85214		3423.90733		0.11474		3421.76962		0.00849
34		13		11.50		3262.18522		3257.09582		0.10965		3265.07681		0.00816
34		13		15.00		3171.70930		3175.81152		0.10967		3170.70064		0.00837
34		14		1.00		Inf		NaN		21.69284		NaN		0.93745
34		14		4.50		3832.74811		3831.46908		0.12458		3834.02421		0.00820
34		14		8.00		3426.85214		3425.97367		0.11826		3426.85721		0.00895
34		14		11.50		3262.18522		3263.76153		0.12131		3254.16930		0.00761
34		14		15.00		3171.70930		3173.22536		0.11099		3174.21901		0.00920
34		15		1.00		Inf		NaN		23.56570		NaN		1.01601
34		15		4.50		3832.74811		3830.87937		0.12970		3831.96077		0.01187
34		15		8.00		3426.85214		3425.11784		0.15608		3427.82921		0.01287
34		15		11.50		3262.18522		3260.40590		0.15255		3259.32238		0.00886
34		15		15.00		3171.70930		3176.78062		0.14545		3172.82873		0.01138
34		16		1.00		Inf		NaN		26.60367		NaN		1.07191
34		16		4.50		3832.74811		3833.76795		0.13174		3830.41618		0.00902
34		16		8.00		3426.85214		3425.52081		0.13154		3439.31147		0.00999
34		16		11.50		3262.18522		3258.70906		0.13335		3262.97911		0.01053
34		16		15.00		3171.70930		3174.00706		0.20073		3170.12266		0.01489
42		12		1.00		Inf		NaN		22.49105		NaN		0.99603
42		12		4.50		3832.74811		3831.28687		0.12680		3836.73834		0.01445
42		12		8.00		3426.85214		3421.62118		0.11571		3426.64020		0.00848
42		12		11.50		3262.18522		3262.38581		0.11924		3254.37524		0.00952
42		12		15.00		3171.70930		3171.19074		0.11489		3168.17148		0.01035
42		13		1.00		Inf		NaN		25.09729		NaN		1.06134
42		13		4.50		3832.74811		3830.76652		0.12872		3825.44020		0.00984
42		13		8.00		3426.85214		3434.11504		0.12275		3426.01229		0.01040
42		13		11.50		3262.18522		3267.58291		0.13294		3256.97657		0.00923
42		13		15.00		3171.70930		3172.71239		0.12412		3171.14509		0.01001
42		14		1.00		Inf		NaN		25.96698		NaN		1.14040
42		14		4.50		3832.74811		3832.54246		0.13730		3828.88622		0.01159
42		14		8.00		3426.85214		3428.08323		0.13104		3428.74446		0.00975
42		14		11.50		3262.18522		3258.83072		0.13387		3261.03801		0.01337
42		14		15.00		3171.70930		3170.72711		0.13461		3168.21368		0.01069
42		15		1.00		Inf		NaN		29.15626		NaN		1.21772
42		15		4.50		3832.74811		3835.23570		0.13934		3831.17510		0.01152
42		15		8.00		3426.85214		3426.20535		0.13932		3425.82301		0.01155
42		15		11.50		3262.18522		3257.01280		0.14103		3268.73473		0.01177
42		15		15.00		3171.70930		3167.11306		0.14855		3173.03499		0.01128
42		16		1.00		Inf		NaN		32.14574		NaN		1.31443
42		16		4.50		3832.74811		3834.29889		0.15356		3835.43728		0.01117
42		16		8.00		3426.85214		3425.76118		0.14911		3430.96867		0.01247
42		16		11.50		3262.18522		3258.93295		0.15001		3262.36372		0.01232
42		16		15.00		3171.70930		3170.44263		0.16399		3174.23443		0.01069
50		12		1.00		Inf		NaN		26.28258		NaN		1.17483
50		12		4.50		3832.74811		3833.16648		0.16207		3827.99370		0.01365
50		12		8.00		3426.85214		3426.56812		0.14232		3421.07336		0.01220
50		12		11.50		3262.18522		3264.83384		0.13592		3264.93405		0.01234
50		12		15.00		3171.70930		3175.23336		0.13068		3175.74284		0.01200
50		13		1.00		Inf		NaN		29.52837		NaN		1.25680
50		13		4.50		3832.74811		3831.44106		0.15229		3828.85118		0.01305
50		13		8.00		3426.85214		3430.00844		0.14059		3427.54452		0.01301
50		13		11.50		3262.18522		3262.01871		0.14475		3266.86806		0.01226
50		13		15.00		3171.70930		3173.54751		0.14619		3173.35613		0.01257
50		14		1.00		Inf		NaN		30.59889		NaN		1.35592
50		14		4.50		3832.74811		3831.74687		0.15306		3834.47729		0.01346
50		14		8.00		3426.85214		3423.59796		0.15042		3430.06418		0.01214
50		14		11.50		3262.18522		3263.33725		0.15276		3263.76561		0.01240
50		14		15.00		3171.70930		3169.66885		0.14683		3171.01147		0.01350
50		15		1.00		Inf		NaN		33.89420		NaN		1.44105
50		15		4.50		3832.74811		3829.80106		0.15854		3833.38926		0.01694
50		15		8.00		3426.85214		3429.23003		0.16557		3428.15036		0.01429
50		15		11.50		3262.18522		3263.52735		0.16019		3259.67667		0.01412
50		15		15.00		3171.70930		3172.54094		0.16447		3174.90200		0.01477
50		16		1.00		Inf		NaN		37.36682		NaN		1.53627
50		16		4.50		3832.74811		3833.10403		0.17247		3831.34566		0.01535
50		16		8.00		3426.85214		3433.09930		0.16748		3430.40704		0.01467
50		16		11.50		3262.18522		3261.04108		0.16962		3264.68483		0.01502
50		16		15.00		3171.70930		3174.35860		0.17053		3168.02620		0.01517
