
1 122
1 123
1 124
1 125
1 126
2 118
2 119
2 120
2 121
2 126
3 115
3 116
3 117
3 121
3 125
4 113
4 114
4 117
4 120
4 124
5 112
5 114
5 116
5 119
5 123
6 112
6 113
6 115
6 118
6 122
7 108
7 109
7 110
7 111
7 126
8 105
8 106
8 107
8 111
8 125
9 103
9 104
9 107
9 110
9 124
10 102
10 104
10 106
10 109
10 123
11 102
11 103
11 105
11 108
11 122
12 99
12 100
12 101
12 111
12 121
13 97
13 98
13 101
13 110
13 120
14 96
14 98
14 100
14 109
14 119
15 96
15 97
15 99
15 108
15 118
16 94
16 95
16 101
16 107
16 117
17 93
17 95
17 100
17 106
17 116
18 93
18 94
18 99
18 105
18 115
19 92
19 95
19 98
19 104
19 114
20 92
20 94
20 97
20 103
20 113
21 92
21 93
21 96
21 102
21 112
22 88
22 89
22 90
22 91
22 126
23 85
23 86
23 87
23 91
23 125
24 83
24 84
24 87
24 90
24 124
25 82
25 84
25 86
25 89
25 123
26 82
26 83
26 85
26 88
26 122
27 79
27 80
27 81
27 91
27 121
28 77
28 78
28 81
28 90
28 120
29 76
29 78
29 80
29 89
29 119
30 76
30 77
30 79
30 88
30 118
31 74
31 75
31 81
31 87
31 117
32 73
32 75
32 80
32 86
32 116
33 73
33 74
33 79
33 85
33 115
34 72
34 75
34 78
34 84
34 114
35 72
35 74
35 77
35 83
35 113
36 72
36 73
36 76
36 82
36 112
37 69
37 70
37 71
37 91
37 111
38 67
38 68
38 71
38 90
38 110
39 66
39 68
39 70
39 89
39 109
40 66
40 67
40 69
40 88
40 108
41 64
41 65
41 71
41 87
41 107
42 63
42 65
42 70
42 86
42 106
43 63
43 64
43 69
43 85
43 105
44 62
44 65
44 68
44 84
44 104
45 62
45 64
45 67
45 83
45 103
46 62
46 63
46 66
46 82
46 102
47 60
47 61
47 71
47 81
47 101
48 59
48 61
48 70
48 80
48 100
49 59
49 60
49 69
49 79
49 99
50 58
50 61
50 68
50 78
50 98
51 58
51 60
51 67
51 77
51 97
52 58
52 59
52 66
52 76
52 96
53 57
53 61
53 65
53 75
53 95
54 57
54 60
54 64
54 74
54 94
55 57
55 59
55 63
55 73
55 93
56 57
56 58
56 62
56 72
56 92
57 126
58 125
59 124
60 123
61 122
62 121
63 120
64 119
65 118
66 117
67 116
68 115
69 114
70 113
71 112
72 111
73 110
74 109
75 108
76 107
77 106
78 105
79 104
80 103
81 102
82 101
83 100
84 99
85 98
86 97
87 96
88 95
89 94
90 93
91 92