
1 457
1 458
1 459
1 460
1 461
1 462
2 452
2 453
2 454
2 455
2 456
2 462
3 448
3 449
3 450
3 451
3 456
3 461
4 445
4 446
4 447
4 451
4 455
4 460
5 443
5 444
5 447
5 450
5 454
5 459
6 442
6 444
6 446
6 449
6 453
6 458
7 442
7 443
7 445
7 448
7 452
7 457
8 437
8 438
8 439
8 440
8 441
8 462
9 433
9 434
9 435
9 436
9 441
9 461
10 430
10 431
10 432
10 436
10 440
10 460
11 428
11 429
11 432
11 435
11 439
11 459
12 427
12 429
12 431
12 434
12 438
12 458
13 427
13 428
13 430
13 433
13 437
13 457
14 423
14 424
14 425
14 426
14 441
14 456
15 420
15 421
15 422
15 426
15 440
15 455
16 418
16 419
16 422
16 425
16 439
16 454
17 417
17 419
17 421
17 424
17 438
17 453
18 417
18 418
18 420
18 423
18 437
18 452
19 414
19 415
19 416
19 426
19 436
19 451
20 412
20 413
20 416
20 425
20 435
20 450
21 411
21 413
21 415
21 424
21 434
21 449
22 411
22 412
22 414
22 423
22 433
22 448
23 409
23 410
23 416
23 422
23 432
23 447
24 408
24 410
24 415
24 421
24 431
24 446
25 408
25 409
25 414
25 420
25 430
25 445
26 407
26 410
26 413
26 419
26 429
26 444
27 407
27 409
27 412
27 418
27 428
27 443
28 407
28 408
28 411
28 417
28 427
28 442
29 402
29 403
29 404
29 405
29 406
29 462
30 398
30 399
30 400
30 401
30 406
30 461
31 395
31 396
31 397
31 401
31 405
31 460
32 393
32 394
32 397
32 400
32 404
32 459
33 392
33 394
33 396
33 399
33 403
33 458
34 392
34 393
34 395
34 398
34 402
34 457
35 388
35 389
35 390
35 391
35 406
35 456
36 385
36 386
36 387
36 391
36 405
36 455
37 383
37 384
37 387
37 390
37 404
37 454
38 382
38 384
38 386
38 389
38 403
38 453
39 382
39 383
39 385
39 388
39 402
39 452
40 379
40 380
40 381
40 391
40 401
40 451
41 377
41 378
41 381
41 390
41 400
41 450
42 376
42 378
42 380
42 389
42 399
42 449
43 376
43 377
43 379
43 388
43 398
43 448
44 374
44 375
44 381
44 387
44 397
44 447
45 373
45 375
45 380
45 386
45 396
45 446
46 373
46 374
46 379
46 385
46 395
46 445
47 372
47 375
47 378
47 384
47 394
47 444
48 372
48 374
48 377
48 383
48 393
48 443
49 372
49 373
49 376
49 382
49 392
49 442
50 368
50 369
50 370
50 371
50 406
50 441
51 365
51 366
51 367
51 371
51 405
51 440
52 363
52 364
52 367
52 370
52 404
52 439
53 362
53 364
53 366
53 369
53 403
53 438
54 362
54 363
54 365
54 368
54 402
54 437
55 359
55 360
55 361
55 371
55 401
55 436
56 357
56 358
56 361
56 370
56 400
56 435
57 356
57 358
57 360
57 369
57 399
57 434
58 356
58 357
58 359
58 368
58 398
58 433
59 354
59 355
59 361
59 367
59 397
59 432
60 353
60 355
60 360
60 366
60 396
60 431
61 353
61 354
61 359
61 365
61 395
61 430
62 352
62 355
62 358
62 364
62 394
62 429
63 352
63 354
63 357
63 363
63 393
63 428
64 352
64 353
64 356
64 362
64 392
64 427
65 349
65 350
65 351
65 371
65 391
65 426
66 347
66 348
66 351
66 370
66 390
66 425
67 346
67 348
67 350
67 369
67 389
67 424
68 346
68 347
68 349
68 368
68 388
68 423
69 344
69 345
69 351
69 367
69 387
69 422
70 343
70 345
70 350
70 366
70 386
70 421
71 343
71 344
71 349
71 365
71 385
71 420
72 342
72 345
72 348
72 364
72 384
72 419
73 342
73 344
73 347
73 363
73 383
73 418
74 342
74 343
74 346
74 362
74 382
74 417
75 340
75 341
75 351
75 361
75 381
75 416
76 339
76 341
76 350
76 360
76 380
76 415
77 339
77 340
77 349
77 359
77 379
77 414
78 338
78 341
78 348
78 358
78 378
78 413
79 338
79 340
79 347
79 357
79 377
79 412
80 338
80 339
80 346
80 356
80 376
80 411
81 337
81 341
81 345
81 355
81 375
81 410
82 337
82 340
82 344
82 354
82 374
82 409
83 337
83 339
83 343
83 353
83 373
83 408
84 337
84 338
84 342
84 352
84 372
84 407
85 332
85 333
85 334
85 335
85 336
85 462
86 328
86 329
86 330
86 331
86 336
86 461
87 325
87 326
87 327
87 331
87 335
87 460
88 323
88 324
88 327
88 330
88 334
88 459
89 322
89 324
89 326
89 329
89 333
89 458
90 322
90 323
90 325
90 328
90 332
90 457
91 318
91 319
91 320
91 321
91 336
91 456
92 315
92 316
92 317
92 321
92 335
92 455
93 313
93 314
93 317
93 320
93 334
93 454
94 312
94 314
94 316
94 319
94 333
94 453
95 312
95 313
95 315
95 318
95 332
95 452
96 309
96 310
96 311
96 321
96 331
96 451
97 307
97 308
97 311
97 320
97 330
97 450
98 306
98 308
98 310
98 319
98 329
98 449
99 306
99 307
99 309
99 318
99 328
99 448
100 304
100 305
100 311
100 317
100 327
100 447
101 303
101 305
101 310
101 316
101 326
101 446
102 303
102 304
102 309
102 315
102 325
102 445
103 302
103 305
103 308
103 314
103 324
103 444
104 302
104 304
104 307
104 313
104 323
104 443
105 302
105 303
105 306
105 312
105 322
105 442
106 298
106 299
106 300
106 301
106 336
106 441
107 295
107 296
107 297
107 301
107 335
107 440
108 293
108 294
108 297
108 300
108 334
108 439
109 292
109 294
109 296
109 299
109 333
109 438
110 292
110 293
110 295
110 298
110 332
110 437
111 289
111 290
111 291
111 301
111 331
111 436
112 287
112 288
112 291
112 300
112 330
112 435
113 286
113 288
113 290
113 299
113 329
113 434
114 286
114 287
114 289
114 298
114 328
114 433
115 284
115 285
115 291
115 297
115 327
115 432
116 283
116 285
116 290
116 296
116 326
116 431
117 283
117 284
117 289
117 295
117 325
117 430
118 282
118 285
118 288
118 294
118 324
118 429
119 282
119 284
119 287
119 293
119 323
119 428
120 282
120 283
120 286
120 292
120 322
120 427
121 279
121 280
121 281
121 301
121 321
121 426
122 277
122 278
122 281
122 300
122 320
122 425
123 276
123 278
123 280
123 299
123 319
123 424
124 276
124 277
124 279
124 298
124 318
124 423
125 274
125 275
125 281
125 297
125 317
125 422
126 273
126 275
126 280
126 296
126 316
126 421
127 273
127 274
127 279
127 295
127 315
127 420
128 272
128 275
128 278
128 294
128 314
128 419
129 272
129 274
129 277
129 293
129 313
129 418
130 272
130 273
130 276
130 292
130 312
130 417
131 270
131 271
131 281
131 291
131 311
131 416
132 269
132 271
132 280
132 290
132 310
132 415
133 269
133 270
133 279
133 289
133 309
133 414
134 268
134 271
134 278
134 288
134 308
134 413
135 268
135 270
135 277
135 287
135 307
135 412
136 268
136 269
136 276
136 286
136 306
136 411
137 267
137 271
137 275
137 285
137 305
137 410
138 267
138 270
138 274
138 284
138 304
138 409
139 267
139 269
139 273
139 283
139 303
139 408
140 267
140 268
140 272
140 282
140 302
140 407
141 263
141 264
141 265
141 266
141 336
141 406
142 260
142 261
142 262
142 266
142 335
142 405
143 258
143 259
143 262
143 265
143 334
143 404
144 257
144 259
144 261
144 264
144 333
144 403
145 257
145 258
145 260
145 263
145 332
145 402
146 254
146 255
146 256
146 266
146 331
146 401
147 252
147 253
147 256
147 265
147 330
147 400
148 251
148 253
148 255
148 264
148 329
148 399
149 251
149 252
149 254
149 263
149 328
149 398
150 249
150 250
150 256
150 262
150 327
150 397
151 248
151 250
151 255
151 261
151 326
151 396
152 248
152 249
152 254
152 260
152 325
152 395
153 247
153 250
153 253
153 259
153 324
153 394
154 247
154 249
154 252
154 258
154 323
154 393
155 247
155 248
155 251
155 257
155 322
155 392
156 244
156 245
156 246
156 266
156 321
156 391
157 242
157 243
157 246
157 265
157 320
157 390
158 241
158 243
158 245
158 264
158 319
158 389
159 241
159 242
159 244
159 263
159 318
159 388
160 239
160 240
160 246
160 262
160 317
160 387
161 238
161 240
161 245
161 261
161 316
161 386
162 238
162 239
162 244
162 260
162 315
162 385
163 237
163 240
163 243
163 259
163 314
163 384
164 237
164 239
164 242
164 258
164 313
164 383
165 237
165 238
165 241
165 257
165 312
165 382
166 235
166 236
166 246
166 256
166 311
166 381
167 234
167 236
167 245
167 255
167 310
167 380
168 234
168 235
168 244
168 254
168 309
168 379
169 233
169 236
169 243
169 253
169 308
169 378
170 233
170 235
170 242
170 252
170 307
170 377
171 233
171 234
171 241
171 251
171 306
171 376
172 232
172 236
172 240
172 250
172 305
172 375
173 232
173 235
173 239
173 249
173 304
173 374
174 232
174 234
174 238
174 248
174 303
174 373
175 232
175 233
175 237
175 247
175 302
175 372
176 229
176 230
176 231
176 266
176 301
176 371
177 227
177 228
177 231
177 265
177 300
177 370
178 226
178 228
178 230
178 264
178 299
178 369
179 226
179 227
179 229
179 263
179 298
179 368
180 224
180 225
180 231
180 262
180 297
180 367
181 223
181 225
181 230
181 261
181 296
181 366
182 223
182 224
182 229
182 260
182 295
182 365
183 222
183 225
183 228
183 259
183 294
183 364
184 222
184 224
184 227
184 258
184 293
184 363
185 222
185 223
185 226
185 257
185 292
185 362
186 220
186 221
186 231
186 256
186 291
186 361
187 219
187 221
187 230
187 255
187 290
187 360
188 219
188 220
188 229
188 254
188 289
188 359
189 218
189 221
189 228
189 253
189 288
189 358
190 218
190 220
190 227
190 252
190 287
190 357
191 218
191 219
191 226
191 251
191 286
191 356
192 217
192 221
192 225
192 250
192 285
192 355
193 217
193 220
193 224
193 249
193 284
193 354
194 217
194 219
194 223
194 248
194 283
194 353
195 217
195 218
195 222
195 247
195 282
195 352
196 215
196 216
196 231
196 246
196 281
196 351
197 214
197 216
197 230
197 245
197 280
197 350
198 214
198 215
198 229
198 244
198 279
198 349
199 213
199 216
199 228
199 243
199 278
199 348
200 213
200 215
200 227
200 242
200 277
200 347
201 213
201 214
201 226
201 241
201 276
201 346
202 212
202 216
202 225
202 240
202 275
202 345
203 212
203 215
203 224
203 239
203 274
203 344
204 212
204 214
204 223
204 238
204 273
204 343
205 212
205 213
205 222
205 237
205 272
205 342
206 211
206 216
206 221
206 236
206 271
206 341
207 211
207 215
207 220
207 235
207 270
207 340
208 211
208 214
208 219
208 234
208 269
208 339
209 211
209 213
209 218
209 233
209 268
209 338
210 211
210 212
210 217
210 232
210 267
210 337
211 462
212 461
213 460
214 459
215 458
216 457
217 456
218 455
219 454
220 453
221 452
222 451
223 450
224 449
225 448
226 447
227 446
228 445
229 444
230 443
231 442
232 441
233 440
234 439
235 438
236 437
237 436
238 435
239 434
240 433
241 432
242 431
243 430
244 429
245 428
246 427
247 426
248 425
249 424
250 423
251 422
252 421
253 420
254 419
255 418
256 417
257 416
258 415
259 414
260 413
261 412
262 411
263 410
264 409
265 408
266 407
267 406
268 405
269 404
270 403
271 402
272 401
273 400
274 399
275 398
276 397
277 396
278 395
279 394
280 393
281 392
282 391
283 390
284 389
285 388
286 387
287 386
288 385
289 384
290 383
291 382
292 381
293 380
294 379
295 378
296 377
297 376
298 375
299 374
300 373
301 372
302 371
303 370
304 369
305 368
306 367
307 366
308 365
309 364
310 363
311 362
312 361
313 360
314 359
315 358
316 357
317 356
318 355
319 354
320 353
321 352
322 351
323 350
324 349
325 348
326 347
327 346
328 345
329 344
330 343
331 342
332 341
333 340
334 339
335 338
336 337