
1 1710
1 1711
1 1712
1 1713
1 1714
1 1715
1 1716
2 1704
2 1705
2 1706
2 1707
2 1708
2 1709
2 1716
3 1699
3 1700
3 1701
3 1702
3 1703
3 1709
3 1715
4 1695
4 1696
4 1697
4 1698
4 1703
4 1708
4 1714
5 1692
5 1693
5 1694
5 1698
5 1702
5 1707
5 1713
6 1690
6 1691
6 1694
6 1697
6 1701
6 1706
6 1712
7 1689
7 1691
7 1693
7 1696
7 1700
7 1705
7 1711
8 1689
8 1690
8 1692
8 1695
8 1699
8 1704
8 1710
9 1683
9 1684
9 1685
9 1686
9 1687
9 1688
9 1716
10 1678
10 1679
10 1680
10 1681
10 1682
10 1688
10 1715
11 1674
11 1675
11 1676
11 1677
11 1682
11 1687
11 1714
12 1671
12 1672
12 1673
12 1677
12 1681
12 1686
12 1713
13 1669
13 1670
13 1673
13 1676
13 1680
13 1685
13 1712
14 1668
14 1670
14 1672
14 1675
14 1679
14 1684
14 1711
15 1668
15 1669
15 1671
15 1674
15 1678
15 1683
15 1710
16 1663
16 1664
16 1665
16 1666
16 1667
16 1688
16 1709
17 1659
17 1660
17 1661
17 1662
17 1667
17 1687
17 1708
18 1656
18 1657
18 1658
18 1662
18 1666
18 1686
18 1707
19 1654
19 1655
19 1658
19 1661
19 1665
19 1685
19 1706
20 1653
20 1655
20 1657
20 1660
20 1664
20 1684
20 1705
21 1653
21 1654
21 1656
21 1659
21 1663
21 1683
21 1704
22 1649
22 1650
22 1651
22 1652
22 1667
22 1682
22 1703
23 1646
23 1647
23 1648
23 1652
23 1666
23 1681
23 1702
24 1644
24 1645
24 1648
24 1651
24 1665
24 1680
24 1701
25 1643
25 1645
25 1647
25 1650
25 1664
25 1679
25 1700
26 1643
26 1644
26 1646
26 1649
26 1663
26 1678
26 1699
27 1640
27 1641
27 1642
27 1652
27 1662
27 1677
27 1698
28 1638
28 1639
28 1642
28 1651
28 1661
28 1676
28 1697
29 1637
29 1639
29 1641
29 1650
29 1660
29 1675
29 1696
30 1637
30 1638
30 1640
30 1649
30 1659
30 1674
30 1695
31 1635
31 1636
31 1642
31 1648
31 1658
31 1673
31 1694
32 1634
32 1636
32 1641
32 1647
32 1657
32 1672
32 1693
33 1634
33 1635
33 1640
33 1646
33 1656
33 1671
33 1692
34 1633
34 1636
34 1639
34 1645
34 1655
34 1670
34 1691
35 1633
35 1635
35 1638
35 1644
35 1654
35 1669
35 1690
36 1633
36 1634
36 1637
36 1643
36 1653
36 1668
36 1689
37 1627
37 1628
37 1629
37 1630
37 1631
37 1632
37 1716
38 1622
38 1623
38 1624
38 1625
38 1626
38 1632
38 1715
39 1618
39 1619
39 1620
39 1621
39 1626
39 1631
39 1714
40 1615
40 1616
40 1617
40 1621
40 1625
40 1630
40 1713
41 1613
41 1614
41 1617
41 1620
41 1624
41 1629
41 1712
42 1612
42 1614
42 1616
42 1619
42 1623
42 1628
42 1711
43 1612
43 1613
43 1615
43 1618
43 1622
43 1627
43 1710
44 1607
44 1608
44 1609
44 1610
44 1611
44 1632
44 1709
45 1603
45 1604
45 1605
45 1606
45 1611
45 1631
45 1708
46 1600
46 1601
46 1602
46 1606
46 1610
46 1630
46 1707
47 1598
47 1599
47 1602
47 1605
47 1609
47 1629
47 1706
48 1597
48 1599
48 1601
48 1604
48 1608
48 1628
48 1705
49 1597
49 1598
49 1600
49 1603
49 1607
49 1627
49 1704
50 1593
50 1594
50 1595
50 1596
50 1611
50 1626
50 1703
51 1590
51 1591
51 1592
51 1596
51 1610
51 1625
51 1702
52 1588
52 1589
52 1592
52 1595
52 1609
52 1624
52 1701
53 1587
53 1589
53 1591
53 1594
53 1608
53 1623
53 1700
54 1587
54 1588
54 1590
54 1593
54 1607
54 1622
54 1699
55 1584
55 1585
55 1586
55 1596
55 1606
55 1621
55 1698
56 1582
56 1583
56 1586
56 1595
56 1605
56 1620
56 1697
57 1581
57 1583
57 1585
57 1594
57 1604
57 1619
57 1696
58 1581
58 1582
58 1584
58 1593
58 1603
58 1618
58 1695
59 1579
59 1580
59 1586
59 1592
59 1602
59 1617
59 1694
60 1578
60 1580
60 1585
60 1591
60 1601
60 1616
60 1693
61 1578
61 1579
61 1584
61 1590
61 1600
61 1615
61 1692
62 1577
62 1580
62 1583
62 1589
62 1599
62 1614
62 1691
63 1577
63 1579
63 1582
63 1588
63 1598
63 1613
63 1690
64 1577
64 1578
64 1581
64 1587
64 1597
64 1612
64 1689
65 1572
65 1573
65 1574
65 1575
65 1576
65 1632
65 1688
66 1568
66 1569
66 1570
66 1571
66 1576
66 1631
66 1687
67 1565
67 1566
67 1567
67 1571
67 1575
67 1630
67 1686
68 1563
68 1564
68 1567
68 1570
68 1574
68 1629
68 1685
69 1562
69 1564
69 1566
69 1569
69 1573
69 1628
69 1684
70 1562
70 1563
70 1565
70 1568
70 1572
70 1627
70 1683
71 1558
71 1559
71 1560
71 1561
71 1576
71 1626
71 1682
72 1555
72 1556
72 1557
72 1561
72 1575
72 1625
72 1681
73 1553
73 1554
73 1557
73 1560
73 1574
73 1624
73 1680
74 1552
74 1554
74 1556
74 1559
74 1573
74 1623
74 1679
75 1552
75 1553
75 1555
75 1558
75 1572
75 1622
75 1678
76 1549
76 1550
76 1551
76 1561
76 1571
76 1621
76 1677
77 1547
77 1548
77 1551
77 1560
77 1570
77 1620
77 1676
78 1546
78 1548
78 1550
78 1559
78 1569
78 1619
78 1675
79 1546
79 1547
79 1549
79 1558
79 1568
79 1618
79 1674
80 1544
80 1545
80 1551
80 1557
80 1567
80 1617
80 1673
81 1543
81 1545
81 1550
81 1556
81 1566
81 1616
81 1672
82 1543
82 1544
82 1549
82 1555
82 1565
82 1615
82 1671
83 1542
83 1545
83 1548
83 1554
83 1564
83 1614
83 1670
84 1542
84 1544
84 1547
84 1553
84 1563
84 1613
84 1669
85 1542
85 1543
85 1546
85 1552
85 1562
85 1612
85 1668
86 1538
86 1539
86 1540
86 1541
86 1576
86 1611
86 1667
87 1535
87 1536
87 1537
87 1541
87 1575
87 1610
87 1666
88 1533
88 1534
88 1537
88 1540
88 1574
88 1609
88 1665
89 1532
89 1534
89 1536
89 1539
89 1573
89 1608
89 1664
90 1532
90 1533
90 1535
90 1538
90 1572
90 1607
90 1663
91 1529
91 1530
91 1531
91 1541
91 1571
91 1606
91 1662
92 1527
92 1528
92 1531
92 1540
92 1570
92 1605
92 1661
93 1526
93 1528
93 1530
93 1539
93 1569
93 1604
93 1660
94 1526
94 1527
94 1529
94 1538
94 1568
94 1603
94 1659
95 1524
95 1525
95 1531
95 1537
95 1567
95 1602
95 1658
96 1523
96 1525
96 1530
96 1536
96 1566
96 1601
96 1657
97 1523
97 1524
97 1529
97 1535
97 1565
97 1600
97 1656
98 1522
98 1525
98 1528
98 1534
98 1564
98 1599
98 1655
99 1522
99 1524
99 1527
99 1533
99 1563
99 1598
99 1654
100 1522
100 1523
100 1526
100 1532
100 1562
100 1597
100 1653
101 1519
101 1520
101 1521
101 1541
101 1561
101 1596
101 1652
102 1517
102 1518
102 1521
102 1540
102 1560
102 1595
102 1651
103 1516
103 1518
103 1520
103 1539
103 1559
103 1594
103 1650
104 1516
104 1517
104 1519
104 1538
104 1558
104 1593
104 1649
105 1514
105 1515
105 1521
105 1537
105 1557
105 1592
105 1648
106 1513
106 1515
106 1520
106 1536
106 1556
106 1591
106 1647
107 1513
107 1514
107 1519
107 1535
107 1555
107 1590
107 1646
108 1512
108 1515
108 1518
108 1534
108 1554
108 1589
108 1645
109 1512
109 1514
109 1517
109 1533
109 1553
109 1588
109 1644
110 1512
110 1513
110 1516
110 1532
110 1552
110 1587
110 1643
111 1510
111 1511
111 1521
111 1531
111 1551
111 1586
111 1642
112 1509
112 1511
112 1520
112 1530
112 1550
112 1585
112 1641
113 1509
113 1510
113 1519
113 1529
113 1549
113 1584
113 1640
114 1508
114 1511
114 1518
114 1528
114 1548
114 1583
114 1639
115 1508
115 1510
115 1517
115 1527
115 1547
115 1582
115 1638
116 1508
116 1509
116 1516
116 1526
116 1546
116 1581
116 1637
117 1507
117 1511
117 1515
117 1525
117 1545
117 1580
117 1636
118 1507
118 1510
118 1514
118 1524
118 1544
118 1579
118 1635
119 1507
119 1509
119 1513
119 1523
119 1543
119 1578
119 1634
120 1507
120 1508
120 1512
120 1522
120 1542
120 1577
120 1633
121 1501
121 1502
121 1503
121 1504
121 1505
121 1506
121 1716
122 1496
122 1497
122 1498
122 1499
122 1500
122 1506
122 1715
123 1492
123 1493
123 1494
123 1495
123 1500
123 1505
123 1714
124 1489
124 1490
124 1491
124 1495
124 1499
124 1504
124 1713
125 1487
125 1488
125 1491
125 1494
125 1498
125 1503
125 1712
126 1486
126 1488
126 1490
126 1493
126 1497
126 1502
126 1711
127 1486
127 1487
127 1489
127 1492
127 1496
127 1501
127 1710
128 1481
128 1482
128 1483
128 1484
128 1485
128 1506
128 1709
129 1477
129 1478
129 1479
129 1480
129 1485
129 1505
129 1708
130 1474
130 1475
130 1476
130 1480
130 1484
130 1504
130 1707
131 1472
131 1473
131 1476
131 1479
131 1483
131 1503
131 1706
132 1471
132 1473
132 1475
132 1478
132 1482
132 1502
132 1705
133 1471
133 1472
133 1474
133 1477
133 1481
133 1501
133 1704
134 1467
134 1468
134 1469
134 1470
134 1485
134 1500
134 1703
135 1464
135 1465
135 1466
135 1470
135 1484
135 1499
135 1702
136 1462
136 1463
136 1466
136 1469
136 1483
136 1498
136 1701
137 1461
137 1463
137 1465
137 1468
137 1482
137 1497
137 1700
138 1461
138 1462
138 1464
138 1467
138 1481
138 1496
138 1699
139 1458
139 1459
139 1460
139 1470
139 1480
139 1495
139 1698
140 1456
140 1457
140 1460
140 1469
140 1479
140 1494
140 1697
141 1455
141 1457
141 1459
141 1468
141 1478
141 1493
141 1696
142 1455
142 1456
142 1458
142 1467
142 1477
142 1492
142 1695
143 1453
143 1454
143 1460
143 1466
143 1476
143 1491
143 1694
144 1452
144 1454
144 1459
144 1465
144 1475
144 1490
144 1693
145 1452
145 1453
145 1458
145 1464
145 1474
145 1489
145 1692
146 1451
146 1454
146 1457
146 1463
146 1473
146 1488
146 1691
147 1451
147 1453
147 1456
147 1462
147 1472
147 1487
147 1690
148 1451
148 1452
148 1455
148 1461
148 1471
148 1486
148 1689
149 1446
149 1447
149 1448
149 1449
149 1450
149 1506
149 1688
150 1442
150 1443
150 1444
150 1445
150 1450
150 1505
150 1687
151 1439
151 1440
151 1441
151 1445
151 1449
151 1504
151 1686
152 1437
152 1438
152 1441
152 1444
152 1448
152 1503
152 1685
153 1436
153 1438
153 1440
153 1443
153 1447
153 1502
153 1684
154 1436
154 1437
154 1439
154 1442
154 1446
154 1501
154 1683
155 1432
155 1433
155 1434
155 1435
155 1450
155 1500
155 1682
156 1429
156 1430
156 1431
156 1435
156 1449
156 1499
156 1681
157 1427
157 1428
157 1431
157 1434
157 1448
157 1498
157 1680
158 1426
158 1428
158 1430
158 1433
158 1447
158 1497
158 1679
159 1426
159 1427
159 1429
159 1432
159 1446
159 1496
159 1678
160 1423
160 1424
160 1425
160 1435
160 1445
160 1495
160 1677
161 1421
161 1422
161 1425
161 1434
161 1444
161 1494
161 1676
162 1420
162 1422
162 1424
162 1433
162 1443
162 1493
162 1675
163 1420
163 1421
163 1423
163 1432
163 1442
163 1492
163 1674
164 1418
164 1419
164 1425
164 1431
164 1441
164 1491
164 1673
165 1417
165 1419
165 1424
165 1430
165 1440
165 1490
165 1672
166 1417
166 1418
166 1423
166 1429
166 1439
166 1489
166 1671
167 1416
167 1419
167 1422
167 1428
167 1438
167 1488
167 1670
168 1416
168 1418
168 1421
168 1427
168 1437
168 1487
168 1669
169 1416
169 1417
169 1420
169 1426
169 1436
169 1486
169 1668
170 1412
170 1413
170 1414
170 1415
170 1450
170 1485
170 1667
171 1409
171 1410
171 1411
171 1415
171 1449
171 1484
171 1666
172 1407
172 1408
172 1411
172 1414
172 1448
172 1483
172 1665
173 1406
173 1408
173 1410
173 1413
173 1447
173 1482
173 1664
174 1406
174 1407
174 1409
174 1412
174 1446
174 1481
174 1663
175 1403
175 1404
175 1405
175 1415
175 1445
175 1480
175 1662
176 1401
176 1402
176 1405
176 1414
176 1444
176 1479
176 1661
177 1400
177 1402
177 1404
177 1413
177 1443
177 1478
177 1660
178 1400
178 1401
178 1403
178 1412
178 1442
178 1477
178 1659
179 1398
179 1399
179 1405
179 1411
179 1441
179 1476
179 1658
180 1397
180 1399
180 1404
180 1410
180 1440
180 1475
180 1657
181 1397
181 1398
181 1403
181 1409
181 1439
181 1474
181 1656
182 1396
182 1399
182 1402
182 1408
182 1438
182 1473
182 1655
183 1396
183 1398
183 1401
183 1407
183 1437
183 1472
183 1654
184 1396
184 1397
184 1400
184 1406
184 1436
184 1471
184 1653
185 1393
185 1394
185 1395
185 1415
185 1435
185 1470
185 1652
186 1391
186 1392
186 1395
186 1414
186 1434
186 1469
186 1651
187 1390
187 1392
187 1394
187 1413
187 1433
187 1468
187 1650
188 1390
188 1391
188 1393
188 1412
188 1432
188 1467
188 1649
189 1388
189 1389
189 1395
189 1411
189 1431
189 1466
189 1648
190 1387
190 1389
190 1394
190 1410
190 1430
190 1465
190 1647
191 1387
191 1388
191 1393
191 1409
191 1429
191 1464
191 1646
192 1386
192 1389
192 1392
192 1408
192 1428
192 1463
192 1645
193 1386
193 1388
193 1391
193 1407
193 1427
193 1462
193 1644
194 1386
194 1387
194 1390
194 1406
194 1426
194 1461
194 1643
195 1384
195 1385
195 1395
195 1405
195 1425
195 1460
195 1642
196 1383
196 1385
196 1394
196 1404
196 1424
196 1459
196 1641
197 1383
197 1384
197 1393
197 1403
197 1423
197 1458
197 1640
198 1382
198 1385
198 1392
198 1402
198 1422
198 1457
198 1639
199 1382
199 1384
199 1391
199 1401
199 1421
199 1456
199 1638
200 1382
200 1383
200 1390
200 1400
200 1420
200 1455
200 1637
201 1381
201 1385
201 1389
201 1399
201 1419
201 1454
201 1636
202 1381
202 1384
202 1388
202 1398
202 1418
202 1453
202 1635
203 1381
203 1383
203 1387
203 1397
203 1417
203 1452
203 1634
204 1381
204 1382
204 1386
204 1396
204 1416
204 1451
204 1633
205 1376
205 1377
205 1378
205 1379
205 1380
205 1506
205 1632
206 1372
206 1373
206 1374
206 1375
206 1380
206 1505
206 1631
207 1369
207 1370
207 1371
207 1375
207 1379
207 1504
207 1630
208 1367
208 1368
208 1371
208 1374
208 1378
208 1503
208 1629
209 1366
209 1368
209 1370
209 1373
209 1377
209 1502
209 1628
210 1366
210 1367
210 1369
210 1372
210 1376
210 1501
210 1627
211 1362
211 1363
211 1364
211 1365
211 1380
211 1500
211 1626
212 1359
212 1360
212 1361
212 1365
212 1379
212 1499
212 1625
213 1357
213 1358
213 1361
213 1364
213 1378
213 1498
213 1624
214 1356
214 1358
214 1360
214 1363
214 1377
214 1497
214 1623
215 1356
215 1357
215 1359
215 1362
215 1376
215 1496
215 1622
216 1353
216 1354
216 1355
216 1365
216 1375
216 1495
216 1621
217 1351
217 1352
217 1355
217 1364
217 1374
217 1494
217 1620
218 1350
218 1352
218 1354
218 1363
218 1373
218 1493
218 1619
219 1350
219 1351
219 1353
219 1362
219 1372
219 1492
219 1618
220 1348
220 1349
220 1355
220 1361
220 1371
220 1491
220 1617
221 1347
221 1349
221 1354
221 1360
221 1370
221 1490
221 1616
222 1347
222 1348
222 1353
222 1359
222 1369
222 1489
222 1615
223 1346
223 1349
223 1352
223 1358
223 1368
223 1488
223 1614
224 1346
224 1348
224 1351
224 1357
224 1367
224 1487
224 1613
225 1346
225 1347
225 1350
225 1356
225 1366
225 1486
225 1612
226 1342
226 1343
226 1344
226 1345
226 1380
226 1485
226 1611
227 1339
227 1340
227 1341
227 1345
227 1379
227 1484
227 1610
228 1337
228 1338
228 1341
228 1344
228 1378
228 1483
228 1609
229 1336
229 1338
229 1340
229 1343
229 1377
229 1482
229 1608
230 1336
230 1337
230 1339
230 1342
230 1376
230 1481
230 1607
231 1333
231 1334
231 1335
231 1345
231 1375
231 1480
231 1606
232 1331
232 1332
232 1335
232 1344
232 1374
232 1479
232 1605
233 1330
233 1332
233 1334
233 1343
233 1373
233 1478
233 1604
234 1330
234 1331
234 1333
234 1342
234 1372
234 1477
234 1603
235 1328
235 1329
235 1335
235 1341
235 1371
235 1476
235 1602
236 1327
236 1329
236 1334
236 1340
236 1370
236 1475
236 1601
237 1327
237 1328
237 1333
237 1339
237 1369
237 1474
237 1600
238 1326
238 1329
238 1332
238 1338
238 1368
238 1473
238 1599
239 1326
239 1328
239 1331
239 1337
239 1367
239 1472
239 1598
240 1326
240 1327
240 1330
240 1336
240 1366
240 1471
240 1597
241 1323
241 1324
241 1325
241 1345
241 1365
241 1470
241 1596
242 1321
242 1322
242 1325
242 1344
242 1364
242 1469
242 1595
243 1320
243 1322
243 1324
243 1343
243 1363
243 1468
243 1594
244 1320
244 1321
244 1323
244 1342
244 1362
244 1467
244 1593
245 1318
245 1319
245 1325
245 1341
245 1361
245 1466
245 1592
246 1317
246 1319
246 1324
246 1340
246 1360
246 1465
246 1591
247 1317
247 1318
247 1323
247 1339
247 1359
247 1464
247 1590
248 1316
248 1319
248 1322
248 1338
248 1358
248 1463
248 1589
249 1316
249 1318
249 1321
249 1337
249 1357
249 1462
249 1588
250 1316
250 1317
250 1320
250 1336
250 1356
250 1461
250 1587
251 1314
251 1315
251 1325
251 1335
251 1355
251 1460
251 1586
252 1313
252 1315
252 1324
252 1334
252 1354
252 1459
252 1585
253 1313
253 1314
253 1323
253 1333
253 1353
253 1458
253 1584
254 1312
254 1315
254 1322
254 1332
254 1352
254 1457
254 1583
255 1312
255 1314
255 1321
255 1331
255 1351
255 1456
255 1582
256 1312
256 1313
256 1320
256 1330
256 1350
256 1455
256 1581
257 1311
257 1315
257 1319
257 1329
257 1349
257 1454
257 1580
258 1311
258 1314
258 1318
258 1328
258 1348
258 1453
258 1579
259 1311
259 1313
259 1317
259 1327
259 1347
259 1452
259 1578
260 1311
260 1312
260 1316
260 1326
260 1346
260 1451
260 1577
261 1307
261 1308
261 1309
261 1310
261 1380
261 1450
261 1576
262 1304
262 1305
262 1306
262 1310
262 1379
262 1449
262 1575
263 1302
263 1303
263 1306
263 1309
263 1378
263 1448
263 1574
264 1301
264 1303
264 1305
264 1308
264 1377
264 1447
264 1573
265 1301
265 1302
265 1304
265 1307
265 1376
265 1446
265 1572
266 1298
266 1299
266 1300
266 1310
266 1375
266 1445
266 1571
267 1296
267 1297
267 1300
267 1309
267 1374
267 1444
267 1570
268 1295
268 1297
268 1299
268 1308
268 1373
268 1443
268 1569
269 1295
269 1296
269 1298
269 1307
269 1372
269 1442
269 1568
270 1293
270 1294
270 1300
270 1306
270 1371
270 1441
270 1567
271 1292
271 1294
271 1299
271 1305
271 1370
271 1440
271 1566
272 1292
272 1293
272 1298
272 1304
272 1369
272 1439
272 1565
273 1291
273 1294
273 1297
273 1303
273 1368
273 1438
273 1564
274 1291
274 1293
274 1296
274 1302
274 1367
274 1437
274 1563
275 1291
275 1292
275 1295
275 1301
275 1366
275 1436
275 1562
276 1288
276 1289
276 1290
276 1310
276 1365
276 1435
276 1561
277 1286
277 1287
277 1290
277 1309
277 1364
277 1434
277 1560
278 1285
278 1287
278 1289
278 1308
278 1363
278 1433
278 1559
279 1285
279 1286
279 1288
279 1307
279 1362
279 1432
279 1558
280 1283
280 1284
280 1290
280 1306
280 1361
280 1431
280 1557
281 1282
281 1284
281 1289
281 1305
281 1360
281 1430
281 1556
282 1282
282 1283
282 1288
282 1304
282 1359
282 1429
282 1555
283 1281
283 1284
283 1287
283 1303
283 1358
283 1428
283 1554
284 1281
284 1283
284 1286
284 1302
284 1357
284 1427
284 1553
285 1281
285 1282
285 1285
285 1301
285 1356
285 1426
285 1552
286 1279
286 1280
286 1290
286 1300
286 1355
286 1425
286 1551
287 1278
287 1280
287 1289
287 1299
287 1354
287 1424
287 1550
288 1278
288 1279
288 1288
288 1298
288 1353
288 1423
288 1549
289 1277
289 1280
289 1287
289 1297
289 1352
289 1422
289 1548
290 1277
290 1279
290 1286
290 1296
290 1351
290 1421
290 1547
291 1277
291 1278
291 1285
291 1295
291 1350
291 1420
291 1546
292 1276
292 1280
292 1284
292 1294
292 1349
292 1419
292 1545
293 1276
293 1279
293 1283
293 1293
293 1348
293 1418
293 1544
294 1276
294 1278
294 1282
294 1292
294 1347
294 1417
294 1543
295 1276
295 1277
295 1281
295 1291
295 1346
295 1416
295 1542
296 1273
296 1274
296 1275
296 1310
296 1345
296 1415
296 1541
297 1271
297 1272
297 1275
297 1309
297 1344
297 1414
297 1540
298 1270
298 1272
298 1274
298 1308
298 1343
298 1413
298 1539
299 1270
299 1271
299 1273
299 1307
299 1342
299 1412
299 1538
300 1268
300 1269
300 1275
300 1306
300 1341
300 1411
300 1537
301 1267
301 1269
301 1274
301 1305
301 1340
301 1410
301 1536
302 1267
302 1268
302 1273
302 1304
302 1339
302 1409
302 1535
303 1266
303 1269
303 1272
303 1303
303 1338
303 1408
303 1534
304 1266
304 1268
304 1271
304 1302
304 1337
304 1407
304 1533
305 1266
305 1267
305 1270
305 1301
305 1336
305 1406
305 1532
306 1264
306 1265
306 1275
306 1300
306 1335
306 1405
306 1531
307 1263
307 1265
307 1274
307 1299
307 1334
307 1404
307 1530
308 1263
308 1264
308 1273
308 1298
308 1333
308 1403
308 1529
309 1262
309 1265
309 1272
309 1297
309 1332
309 1402
309 1528
310 1262
310 1264
310 1271
310 1296
310 1331
310 1401
310 1527
311 1262
311 1263
311 1270
311 1295
311 1330
311 1400
311 1526
312 1261
312 1265
312 1269
312 1294
312 1329
312 1399
312 1525
313 1261
313 1264
313 1268
313 1293
313 1328
313 1398
313 1524
314 1261
314 1263
314 1267
314 1292
314 1327
314 1397
314 1523
315 1261
315 1262
315 1266
315 1291
315 1326
315 1396
315 1522
316 1259
316 1260
316 1275
316 1290
316 1325
316 1395
316 1521
317 1258
317 1260
317 1274
317 1289
317 1324
317 1394
317 1520
318 1258
318 1259
318 1273
318 1288
318 1323
318 1393
318 1519
319 1257
319 1260
319 1272
319 1287
319 1322
319 1392
319 1518
320 1257
320 1259
320 1271
320 1286
320 1321
320 1391
320 1517
321 1257
321 1258
321 1270
321 1285
321 1320
321 1390
321 1516
322 1256
322 1260
322 1269
322 1284
322 1319
322 1389
322 1515
323 1256
323 1259
323 1268
323 1283
323 1318
323 1388
323 1514
324 1256
324 1258
324 1267
324 1282
324 1317
324 1387
324 1513
325 1256
325 1257
325 1266
325 1281
325 1316
325 1386
325 1512
326 1255
326 1260
326 1265
326 1280
326 1315
326 1385
326 1511
327 1255
327 1259
327 1264
327 1279
327 1314
327 1384
327 1510
328 1255
328 1258
328 1263
328 1278
328 1313
328 1383
328 1509
329 1255
329 1257
329 1262
329 1277
329 1312
329 1382
329 1508
330 1255
330 1256
330 1261
330 1276
330 1311
330 1381
330 1507
331 1249
331 1250
331 1251
331 1252
331 1253
331 1254
331 1716
332 1244
332 1245
332 1246
332 1247
332 1248
332 1254
332 1715
333 1240
333 1241
333 1242
333 1243
333 1248
333 1253
333 1714
334 1237
334 1238
334 1239
334 1243
334 1247
334 1252
334 1713
335 1235
335 1236
335 1239
335 1242
335 1246
335 1251
335 1712
336 1234
336 1236
336 1238
336 1241
336 1245
336 1250
336 1711
337 1234
337 1235
337 1237
337 1240
337 1244
337 1249
337 1710
338 1229
338 1230
338 1231
338 1232
338 1233
338 1254
338 1709
339 1225
339 1226
339 1227
339 1228
339 1233
339 1253
339 1708
340 1222
340 1223
340 1224
340 1228
340 1232
340 1252
340 1707
341 1220
341 1221
341 1224
341 1227
341 1231
341 1251
341 1706
342 1219
342 1221
342 1223
342 1226
342 1230
342 1250
342 1705
343 1219
343 1220
343 1222
343 1225
343 1229
343 1249
343 1704
344 1215
344 1216
344 1217
344 1218
344 1233
344 1248
344 1703
345 1212
345 1213
345 1214
345 1218
345 1232
345 1247
345 1702
346 1210
346 1211
346 1214
346 1217
346 1231
346 1246
346 1701
347 1209
347 1211
347 1213
347 1216
347 1230
347 1245
347 1700
348 1209
348 1210
348 1212
348 1215
348 1229
348 1244
348 1699
349 1206
349 1207
349 1208
349 1218
349 1228
349 1243
349 1698
350 1204
350 1205
350 1208
350 1217
350 1227
350 1242
350 1697
351 1203
351 1205
351 1207
351 1216
351 1226
351 1241
351 1696
352 1203
352 1204
352 1206
352 1215
352 1225
352 1240
352 1695
353 1201
353 1202
353 1208
353 1214
353 1224
353 1239
353 1694
354 1200
354 1202
354 1207
354 1213
354 1223
354 1238
354 1693
355 1200
355 1201
355 1206
355 1212
355 1222
355 1237
355 1692
356 1199
356 1202
356 1205
356 1211
356 1221
356 1236
356 1691
357 1199
357 1201
357 1204
357 1210
357 1220
357 1235
357 1690
358 1199
358 1200
358 1203
358 1209
358 1219
358 1234
358 1689
359 1194
359 1195
359 1196
359 1197
359 1198
359 1254
359 1688
360 1190
360 1191
360 1192
360 1193
360 1198
360 1253
360 1687
361 1187
361 1188
361 1189
361 1193
361 1197
361 1252
361 1686
362 1185
362 1186
362 1189
362 1192
362 1196
362 1251
362 1685
363 1184
363 1186
363 1188
363 1191
363 1195
363 1250
363 1684
364 1184
364 1185
364 1187
364 1190
364 1194
364 1249
364 1683
365 1180
365 1181
365 1182
365 1183
365 1198
365 1248
365 1682
366 1177
366 1178
366 1179
366 1183
366 1197
366 1247
366 1681
367 1175
367 1176
367 1179
367 1182
367 1196
367 1246
367 1680
368 1174
368 1176
368 1178
368 1181
368 1195
368 1245
368 1679
369 1174
369 1175
369 1177
369 1180
369 1194
369 1244
369 1678
370 1171
370 1172
370 1173
370 1183
370 1193
370 1243
370 1677
371 1169
371 1170
371 1173
371 1182
371 1192
371 1242
371 1676
372 1168
372 1170
372 1172
372 1181
372 1191
372 1241
372 1675
373 1168
373 1169
373 1171
373 1180
373 1190
373 1240
373 1674
374 1166
374 1167
374 1173
374 1179
374 1189
374 1239
374 1673
375 1165
375 1167
375 1172
375 1178
375 1188
375 1238
375 1672
376 1165
376 1166
376 1171
376 1177
376 1187
376 1237
376 1671
377 1164
377 1167
377 1170
377 1176
377 1186
377 1236
377 1670
378 1164
378 1166
378 1169
378 1175
378 1185
378 1235
378 1669
379 1164
379 1165
379 1168
379 1174
379 1184
379 1234
379 1668
380 1160
380 1161
380 1162
380 1163
380 1198
380 1233
380 1667
381 1157
381 1158
381 1159
381 1163
381 1197
381 1232
381 1666
382 1155
382 1156
382 1159
382 1162
382 1196
382 1231
382 1665
383 1154
383 1156
383 1158
383 1161
383 1195
383 1230
383 1664
384 1154
384 1155
384 1157
384 1160
384 1194
384 1229
384 1663
385 1151
385 1152
385 1153
385 1163
385 1193
385 1228
385 1662
386 1149
386 1150
386 1153
386 1162
386 1192
386 1227
386 1661
387 1148
387 1150
387 1152
387 1161
387 1191
387 1226
387 1660
388 1148
388 1149
388 1151
388 1160
388 1190
388 1225
388 1659
389 1146
389 1147
389 1153
389 1159
389 1189
389 1224
389 1658
390 1145
390 1147
390 1152
390 1158
390 1188
390 1223
390 1657
391 1145
391 1146
391 1151
391 1157
391 1187
391 1222
391 1656
392 1144
392 1147
392 1150
392 1156
392 1186
392 1221
392 1655
393 1144
393 1146
393 1149
393 1155
393 1185
393 1220
393 1654
394 1144
394 1145
394 1148
394 1154
394 1184
394 1219
394 1653
395 1141
395 1142
395 1143
395 1163
395 1183
395 1218
395 1652
396 1139
396 1140
396 1143
396 1162
396 1182
396 1217
396 1651
397 1138
397 1140
397 1142
397 1161
397 1181
397 1216
397 1650
398 1138
398 1139
398 1141
398 1160
398 1180
398 1215
398 1649
399 1136
399 1137
399 1143
399 1159
399 1179
399 1214
399 1648
400 1135
400 1137
400 1142
400 1158
400 1178
400 1213
400 1647
401 1135
401 1136
401 1141
401 1157
401 1177
401 1212
401 1646
402 1134
402 1137
402 1140
402 1156
402 1176
402 1211
402 1645
403 1134
403 1136
403 1139
403 1155
403 1175
403 1210
403 1644
404 1134
404 1135
404 1138
404 1154
404 1174
404 1209
404 1643
405 1132
405 1133
405 1143
405 1153
405 1173
405 1208
405 1642
406 1131
406 1133
406 1142
406 1152
406 1172
406 1207
406 1641
407 1131
407 1132
407 1141
407 1151
407 1171
407 1206
407 1640
408 1130
408 1133
408 1140
408 1150
408 1170
408 1205
408 1639
409 1130
409 1132
409 1139
409 1149
409 1169
409 1204
409 1638
410 1130
410 1131
410 1138
410 1148
410 1168
410 1203
410 1637
411 1129
411 1133
411 1137
411 1147
411 1167
411 1202
411 1636
412 1129
412 1132
412 1136
412 1146
412 1166
412 1201
412 1635
413 1129
413 1131
413 1135
413 1145
413 1165
413 1200
413 1634
414 1129
414 1130
414 1134
414 1144
414 1164
414 1199
414 1633
415 1124
415 1125
415 1126
415 1127
415 1128
415 1254
415 1632
416 1120
416 1121
416 1122
416 1123
416 1128
416 1253
416 1631
417 1117
417 1118
417 1119
417 1123
417 1127
417 1252
417 1630
418 1115
418 1116
418 1119
418 1122
418 1126
418 1251
418 1629
419 1114
419 1116
419 1118
419 1121
419 1125
419 1250
419 1628
420 1114
420 1115
420 1117
420 1120
420 1124
420 1249
420 1627
421 1110
421 1111
421 1112
421 1113
421 1128
421 1248
421 1626
422 1107
422 1108
422 1109
422 1113
422 1127
422 1247
422 1625
423 1105
423 1106
423 1109
423 1112
423 1126
423 1246
423 1624
424 1104
424 1106
424 1108
424 1111
424 1125
424 1245
424 1623
425 1104
425 1105
425 1107
425 1110
425 1124
425 1244
425 1622
426 1101
426 1102
426 1103
426 1113
426 1123
426 1243
426 1621
427 1099
427 1100
427 1103
427 1112
427 1122
427 1242
427 1620
428 1098
428 1100
428 1102
428 1111
428 1121
428 1241
428 1619
429 1098
429 1099
429 1101
429 1110
429 1120
429 1240
429 1618
430 1096
430 1097
430 1103
430 1109
430 1119
430 1239
430 1617
431 1095
431 1097
431 1102
431 1108
431 1118
431 1238
431 1616
432 1095
432 1096
432 1101
432 1107
432 1117
432 1237
432 1615
433 1094
433 1097
433 1100
433 1106
433 1116
433 1236
433 1614
434 1094
434 1096
434 1099
434 1105
434 1115
434 1235
434 1613
435 1094
435 1095
435 1098
435 1104
435 1114
435 1234
435 1612
436 1090
436 1091
436 1092
436 1093
436 1128
436 1233
436 1611
437 1087
437 1088
437 1089
437 1093
437 1127
437 1232
437 1610
438 1085
438 1086
438 1089
438 1092
438 1126
438 1231
438 1609
439 1084
439 1086
439 1088
439 1091
439 1125
439 1230
439 1608
440 1084
440 1085
440 1087
440 1090
440 1124
440 1229
440 1607
441 1081
441 1082
441 1083
441 1093
441 1123
441 1228
441 1606
442 1079
442 1080
442 1083
442 1092
442 1122
442 1227
442 1605
443 1078
443 1080
443 1082
443 1091
443 1121
443 1226
443 1604
444 1078
444 1079
444 1081
444 1090
444 1120
444 1225
444 1603
445 1076
445 1077
445 1083
445 1089
445 1119
445 1224
445 1602
446 1075
446 1077
446 1082
446 1088
446 1118
446 1223
446 1601
447 1075
447 1076
447 1081
447 1087
447 1117
447 1222
447 1600
448 1074
448 1077
448 1080
448 1086
448 1116
448 1221
448 1599
449 1074
449 1076
449 1079
449 1085
449 1115
449 1220
449 1598
450 1074
450 1075
450 1078
450 1084
450 1114
450 1219
450 1597
451 1071
451 1072
451 1073
451 1093
451 1113
451 1218
451 1596
452 1069
452 1070
452 1073
452 1092
452 1112
452 1217
452 1595
453 1068
453 1070
453 1072
453 1091
453 1111
453 1216
453 1594
454 1068
454 1069
454 1071
454 1090
454 1110
454 1215
454 1593
455 1066
455 1067
455 1073
455 1089
455 1109
455 1214
455 1592
456 1065
456 1067
456 1072
456 1088
456 1108
456 1213
456 1591
457 1065
457 1066
457 1071
457 1087
457 1107
457 1212
457 1590
458 1064
458 1067
458 1070
458 1086
458 1106
458 1211
458 1589
459 1064
459 1066
459 1069
459 1085
459 1105
459 1210
459 1588
460 1064
460 1065
460 1068
460 1084
460 1104
460 1209
460 1587
461 1062
461 1063
461 1073
461 1083
461 1103
461 1208
461 1586
462 1061
462 1063
462 1072
462 1082
462 1102
462 1207
462 1585
463 1061
463 1062
463 1071
463 1081
463 1101
463 1206
463 1584
464 1060
464 1063
464 1070
464 1080
464 1100
464 1205
464 1583
465 1060
465 1062
465 1069
465 1079
465 1099
465 1204
465 1582
466 1060
466 1061
466 1068
466 1078
466 1098
466 1203
466 1581
467 1059
467 1063
467 1067
467 1077
467 1097
467 1202
467 1580
468 1059
468 1062
468 1066
468 1076
468 1096
468 1201
468 1579
469 1059
469 1061
469 1065
469 1075
469 1095
469 1200
469 1578
470 1059
470 1060
470 1064
470 1074
470 1094
470 1199
470 1577
471 1055
471 1056
471 1057
471 1058
471 1128
471 1198
471 1576
472 1052
472 1053
472 1054
472 1058
472 1127
472 1197
472 1575
473 1050
473 1051
473 1054
473 1057
473 1126
473 1196
473 1574
474 1049
474 1051
474 1053
474 1056
474 1125
474 1195
474 1573
475 1049
475 1050
475 1052
475 1055
475 1124
475 1194
475 1572
476 1046
476 1047
476 1048
476 1058
476 1123
476 1193
476 1571
477 1044
477 1045
477 1048
477 1057
477 1122
477 1192
477 1570
478 1043
478 1045
478 1047
478 1056
478 1121
478 1191
478 1569
479 1043
479 1044
479 1046
479 1055
479 1120
479 1190
479 1568
480 1041
480 1042
480 1048
480 1054
480 1119
480 1189
480 1567
481 1040
481 1042
481 1047
481 1053
481 1118
481 1188
481 1566
482 1040
482 1041
482 1046
482 1052
482 1117
482 1187
482 1565
483 1039
483 1042
483 1045
483 1051
483 1116
483 1186
483 1564
484 1039
484 1041
484 1044
484 1050
484 1115
484 1185
484 1563
485 1039
485 1040
485 1043
485 1049
485 1114
485 1184
485 1562
486 1036
486 1037
486 1038
486 1058
486 1113
486 1183
486 1561
487 1034
487 1035
487 1038
487 1057
487 1112
487 1182
487 1560
488 1033
488 1035
488 1037
488 1056
488 1111
488 1181
488 1559
489 1033
489 1034
489 1036
489 1055
489 1110
489 1180
489 1558
490 1031
490 1032
490 1038
490 1054
490 1109
490 1179
490 1557
491 1030
491 1032
491 1037
491 1053
491 1108
491 1178
491 1556
492 1030
492 1031
492 1036
492 1052
492 1107
492 1177
492 1555
493 1029
493 1032
493 1035
493 1051
493 1106
493 1176
493 1554
494 1029
494 1031
494 1034
494 1050
494 1105
494 1175
494 1553
495 1029
495 1030
495 1033
495 1049
495 1104
495 1174
495 1552
496 1027
496 1028
496 1038
496 1048
496 1103
496 1173
496 1551
497 1026
497 1028
497 1037
497 1047
497 1102
497 1172
497 1550
498 1026
498 1027
498 1036
498 1046
498 1101
498 1171
498 1549
499 1025
499 1028
499 1035
499 1045
499 1100
499 1170
499 1548
500 1025
500 1027
500 1034
500 1044
500 1099
500 1169
500 1547
501 1025
501 1026
501 1033
501 1043
501 1098
501 1168
501 1546
502 1024
502 1028
502 1032
502 1042
502 1097
502 1167
502 1545
503 1024
503 1027
503 1031
503 1041
503 1096
503 1166
503 1544
504 1024
504 1026
504 1030
504 1040
504 1095
504 1165
504 1543
505 1024
505 1025
505 1029
505 1039
505 1094
505 1164
505 1542
506 1021
506 1022
506 1023
506 1058
506 1093
506 1163
506 1541
507 1019
507 1020
507 1023
507 1057
507 1092
507 1162
507 1540
508 1018
508 1020
508 1022
508 1056
508 1091
508 1161
508 1539
509 1018
509 1019
509 1021
509 1055
509 1090
509 1160
509 1538
510 1016
510 1017
510 1023
510 1054
510 1089
510 1159
510 1537
511 1015
511 1017
511 1022
511 1053
511 1088
511 1158
511 1536
512 1015
512 1016
512 1021
512 1052
512 1087
512 1157
512 1535
513 1014
513 1017
513 1020
513 1051
513 1086
513 1156
513 1534
514 1014
514 1016
514 1019
514 1050
514 1085
514 1155
514 1533
515 1014
515 1015
515 1018
515 1049
515 1084
515 1154
515 1532
516 1012
516 1013
516 1023
516 1048
516 1083
516 1153
516 1531
517 1011
517 1013
517 1022
517 1047
517 1082
517 1152
517 1530
518 1011
518 1012
518 1021
518 1046
518 1081
518 1151
518 1529
519 1010
519 1013
519 1020
519 1045
519 1080
519 1150
519 1528
520 1010
520 1012
520 1019
520 1044
520 1079
520 1149
520 1527
521 1010
521 1011
521 1018
521 1043
521 1078
521 1148
521 1526
522 1009
522 1013
522 1017
522 1042
522 1077
522 1147
522 1525
523 1009
523 1012
523 1016
523 1041
523 1076
523 1146
523 1524
524 1009
524 1011
524 1015
524 1040
524 1075
524 1145
524 1523
525 1009
525 1010
525 1014
525 1039
525 1074
525 1144
525 1522
526 1007
526 1008
526 1023
526 1038
526 1073
526 1143
526 1521
527 1006
527 1008
527 1022
527 1037
527 1072
527 1142
527 1520
528 1006
528 1007
528 1021
528 1036
528 1071
528 1141
528 1519
529 1005
529 1008
529 1020
529 1035
529 1070
529 1140
529 1518
530 1005
530 1007
530 1019
530 1034
530 1069
530 1139
530 1517
531 1005
531 1006
531 1018
531 1033
531 1068
531 1138
531 1516
532 1004
532 1008
532 1017
532 1032
532 1067
532 1137
532 1515
533 1004
533 1007
533 1016
533 1031
533 1066
533 1136
533 1514
534 1004
534 1006
534 1015
534 1030
534 1065
534 1135
534 1513
535 1004
535 1005
535 1014
535 1029
535 1064
535 1134
535 1512
536 1003
536 1008
536 1013
536 1028
536 1063
536 1133
536 1511
537 1003
537 1007
537 1012
537 1027
537 1062
537 1132
537 1510
538 1003
538 1006
538 1011
538 1026
538 1061
538 1131
538 1509
539 1003
539 1005
539 1010
539 1025
539 1060
539 1130
539 1508
540 1003
540 1004
540 1009
540 1024
540 1059
540 1129
540 1507
541 998
541 999
541 1000
541 1001
541 1002
541 1254
541 1506
542 994
542 995
542 996
542 997
542 1002
542 1253
542 1505
543 991
543 992
543 993
543 997
543 1001
543 1252
543 1504
544 989
544 990
544 993
544 996
544 1000
544 1251
544 1503
545 988
545 990
545 992
545 995
545 999
545 1250
545 1502
546 988
546 989
546 991
546 994
546 998
546 1249
546 1501
547 984
547 985
547 986
547 987
547 1002
547 1248
547 1500
548 981
548 982
548 983
548 987
548 1001
548 1247
548 1499
549 979
549 980
549 983
549 986
549 1000
549 1246
549 1498
550 978
550 980
550 982
550 985
550 999
550 1245
550 1497
551 978
551 979
551 981
551 984
551 998
551 1244
551 1496
552 975
552 976
552 977
552 987
552 997
552 1243
552 1495
553 973
553 974
553 977
553 986
553 996
553 1242
553 1494
554 972
554 974
554 976
554 985
554 995
554 1241
554 1493
555 972
555 973
555 975
555 984
555 994
555 1240
555 1492
556 970
556 971
556 977
556 983
556 993
556 1239
556 1491
557 969
557 971
557 976
557 982
557 992
557 1238
557 1490
558 969
558 970
558 975
558 981
558 991
558 1237
558 1489
559 968
559 971
559 974
559 980
559 990
559 1236
559 1488
560 968
560 970
560 973
560 979
560 989
560 1235
560 1487
561 968
561 969
561 972
561 978
561 988
561 1234
561 1486
562 964
562 965
562 966
562 967
562 1002
562 1233
562 1485
563 961
563 962
563 963
563 967
563 1001
563 1232
563 1484
564 959
564 960
564 963
564 966
564 1000
564 1231
564 1483
565 958
565 960
565 962
565 965
565 999
565 1230
565 1482
566 958
566 959
566 961
566 964
566 998
566 1229
566 1481
567 955
567 956
567 957
567 967
567 997
567 1228
567 1480
568 953
568 954
568 957
568 966
568 996
568 1227
568 1479
569 952
569 954
569 956
569 965
569 995
569 1226
569 1478
570 952
570 953
570 955
570 964
570 994
570 1225
570 1477
571 950
571 951
571 957
571 963
571 993
571 1224
571 1476
572 949
572 951
572 956
572 962
572 992
572 1223
572 1475
573 949
573 950
573 955
573 961
573 991
573 1222
573 1474
574 948
574 951
574 954
574 960
574 990
574 1221
574 1473
575 948
575 950
575 953
575 959
575 989
575 1220
575 1472
576 948
576 949
576 952
576 958
576 988
576 1219
576 1471
577 945
577 946
577 947
577 967
577 987
577 1218
577 1470
578 943
578 944
578 947
578 966
578 986
578 1217
578 1469
579 942
579 944
579 946
579 965
579 985
579 1216
579 1468
580 942
580 943
580 945
580 964
580 984
580 1215
580 1467
581 940
581 941
581 947
581 963
581 983
581 1214
581 1466
582 939
582 941
582 946
582 962
582 982
582 1213
582 1465
583 939
583 940
583 945
583 961
583 981
583 1212
583 1464
584 938
584 941
584 944
584 960
584 980
584 1211
584 1463
585 938
585 940
585 943
585 959
585 979
585 1210
585 1462
586 938
586 939
586 942
586 958
586 978
586 1209
586 1461
587 936
587 937
587 947
587 957
587 977
587 1208
587 1460
588 935
588 937
588 946
588 956
588 976
588 1207
588 1459
589 935
589 936
589 945
589 955
589 975
589 1206
589 1458
590 934
590 937
590 944
590 954
590 974
590 1205
590 1457
591 934
591 936
591 943
591 953
591 973
591 1204
591 1456
592 934
592 935
592 942
592 952
592 972
592 1203
592 1455
593 933
593 937
593 941
593 951
593 971
593 1202
593 1454
594 933
594 936
594 940
594 950
594 970
594 1201
594 1453
595 933
595 935
595 939
595 949
595 969
595 1200
595 1452
596 933
596 934
596 938
596 948
596 968
596 1199
596 1451
597 929
597 930
597 931
597 932
597 1002
597 1198
597 1450
598 926
598 927
598 928
598 932
598 1001
598 1197
598 1449
599 924
599 925
599 928
599 931
599 1000
599 1196
599 1448
600 923
600 925
600 927
600 930
600 999
600 1195
600 1447
601 923
601 924
601 926
601 929
601 998
601 1194
601 1446
602 920
602 921
602 922
602 932
602 997
602 1193
602 1445
603 918
603 919
603 922
603 931
603 996
603 1192
603 1444
604 917
604 919
604 921
604 930
604 995
604 1191
604 1443
605 917
605 918
605 920
605 929
605 994
605 1190
605 1442
606 915
606 916
606 922
606 928
606 993
606 1189
606 1441
607 914
607 916
607 921
607 927
607 992
607 1188
607 1440
608 914
608 915
608 920
608 926
608 991
608 1187
608 1439
609 913
609 916
609 919
609 925
609 990
609 1186
609 1438
610 913
610 915
610 918
610 924
610 989
610 1185
610 1437
611 913
611 914
611 917
611 923
611 988
611 1184
611 1436
612 910
612 911
612 912
612 932
612 987
612 1183
612 1435
613 908
613 909
613 912
613 931
613 986
613 1182
613 1434
614 907
614 909
614 911
614 930
614 985
614 1181
614 1433
615 907
615 908
615 910
615 929
615 984
615 1180
615 1432
616 905
616 906
616 912
616 928
616 983
616 1179
616 1431
617 904
617 906
617 911
617 927
617 982
617 1178
617 1430
618 904
618 905
618 910
618 926
618 981
618 1177
618 1429
619 903
619 906
619 909
619 925
619 980
619 1176
619 1428
620 903
620 905
620 908
620 924
620 979
620 1175
620 1427
621 903
621 904
621 907
621 923
621 978
621 1174
621 1426
622 901
622 902
622 912
622 922
622 977
622 1173
622 1425
623 900
623 902
623 911
623 921
623 976
623 1172
623 1424
624 900
624 901
624 910
624 920
624 975
624 1171
624 1423
625 899
625 902
625 909
625 919
625 974
625 1170
625 1422
626 899
626 901
626 908
626 918
626 973
626 1169
626 1421
627 899
627 900
627 907
627 917
627 972
627 1168
627 1420
628 898
628 902
628 906
628 916
628 971
628 1167
628 1419
629 898
629 901
629 905
629 915
629 970
629 1166
629 1418
630 898
630 900
630 904
630 914
630 969
630 1165
630 1417
631 898
631 899
631 903
631 913
631 968
631 1164
631 1416
632 895
632 896
632 897
632 932
632 967
632 1163
632 1415
633 893
633 894
633 897
633 931
633 966
633 1162
633 1414
634 892
634 894
634 896
634 930
634 965
634 1161
634 1413
635 892
635 893
635 895
635 929
635 964
635 1160
635 1412
636 890
636 891
636 897
636 928
636 963
636 1159
636 1411
637 889
637 891
637 896
637 927
637 962
637 1158
637 1410
638 889
638 890
638 895
638 926
638 961
638 1157
638 1409
639 888
639 891
639 894
639 925
639 960
639 1156
639 1408
640 888
640 890
640 893
640 924
640 959
640 1155
640 1407
641 888
641 889
641 892
641 923
641 958
641 1154
641 1406
642 886
642 887
642 897
642 922
642 957
642 1153
642 1405
643 885
643 887
643 896
643 921
643 956
643 1152
643 1404
644 885
644 886
644 895
644 920
644 955
644 1151
644 1403
645 884
645 887
645 894
645 919
645 954
645 1150
645 1402
646 884
646 886
646 893
646 918
646 953
646 1149
646 1401
647 884
647 885
647 892
647 917
647 952
647 1148
647 1400
648 883
648 887
648 891
648 916
648 951
648 1147
648 1399
649 883
649 886
649 890
649 915
649 950
649 1146
649 1398
650 883
650 885
650 889
650 914
650 949
650 1145
650 1397
651 883
651 884
651 888
651 913
651 948
651 1144
651 1396
652 881
652 882
652 897
652 912
652 947
652 1143
652 1395
653 880
653 882
653 896
653 911
653 946
653 1142
653 1394
654 880
654 881
654 895
654 910
654 945
654 1141
654 1393
655 879
655 882
655 894
655 909
655 944
655 1140
655 1392
656 879
656 881
656 893
656 908
656 943
656 1139
656 1391
657 879
657 880
657 892
657 907
657 942
657 1138
657 1390
658 878
658 882
658 891
658 906
658 941
658 1137
658 1389
659 878
659 881
659 890
659 905
659 940
659 1136
659 1388
660 878
660 880
660 889
660 904
660 939
660 1135
660 1387
661 878
661 879
661 888
661 903
661 938
661 1134
661 1386
662 877
662 882
662 887
662 902
662 937
662 1133
662 1385
663 877
663 881
663 886
663 901
663 936
663 1132
663 1384
664 877
664 880
664 885
664 900
664 935
664 1131
664 1383
665 877
665 879
665 884
665 899
665 934
665 1130
665 1382
666 877
666 878
666 883
666 898
666 933
666 1129
666 1381
667 873
667 874
667 875
667 876
667 1002
667 1128
667 1380
668 870
668 871
668 872
668 876
668 1001
668 1127
668 1379
669 868
669 869
669 872
669 875
669 1000
669 1126
669 1378
670 867
670 869
670 871
670 874
670 999
670 1125
670 1377
671 867
671 868
671 870
671 873
671 998
671 1124
671 1376
672 864
672 865
672 866
672 876
672 997
672 1123
672 1375
673 862
673 863
673 866
673 875
673 996
673 1122
673 1374
674 861
674 863
674 865
674 874
674 995
674 1121
674 1373
675 861
675 862
675 864
675 873
675 994
675 1120
675 1372
676 859
676 860
676 866
676 872
676 993
676 1119
676 1371
677 858
677 860
677 865
677 871
677 992
677 1118
677 1370
678 858
678 859
678 864
678 870
678 991
678 1117
678 1369
679 857
679 860
679 863
679 869
679 990
679 1116
679 1368
680 857
680 859
680 862
680 868
680 989
680 1115
680 1367
681 857
681 858
681 861
681 867
681 988
681 1114
681 1366
682 854
682 855
682 856
682 876
682 987
682 1113
682 1365
683 852
683 853
683 856
683 875
683 986
683 1112
683 1364
684 851
684 853
684 855
684 874
684 985
684 1111
684 1363
685 851
685 852
685 854
685 873
685 984
685 1110
685 1362
686 849
686 850
686 856
686 872
686 983
686 1109
686 1361
687 848
687 850
687 855
687 871
687 982
687 1108
687 1360
688 848
688 849
688 854
688 870
688 981
688 1107
688 1359
689 847
689 850
689 853
689 869
689 980
689 1106
689 1358
690 847
690 849
690 852
690 868
690 979
690 1105
690 1357
691 847
691 848
691 851
691 867
691 978
691 1104
691 1356
692 845
692 846
692 856
692 866
692 977
692 1103
692 1355
693 844
693 846
693 855
693 865
693 976
693 1102
693 1354
694 844
694 845
694 854
694 864
694 975
694 1101
694 1353
695 843
695 846
695 853
695 863
695 974
695 1100
695 1352
696 843
696 845
696 852
696 862
696 973
696 1099
696 1351
697 843
697 844
697 851
697 861
697 972
697 1098
697 1350
698 842
698 846
698 850
698 860
698 971
698 1097
698 1349
699 842
699 845
699 849
699 859
699 970
699 1096
699 1348
700 842
700 844
700 848
700 858
700 969
700 1095
700 1347
701 842
701 843
701 847
701 857
701 968
701 1094
701 1346
702 839
702 840
702 841
702 876
702 967
702 1093
702 1345
703 837
703 838
703 841
703 875
703 966
703 1092
703 1344
704 836
704 838
704 840
704 874
704 965
704 1091
704 1343
705 836
705 837
705 839
705 873
705 964
705 1090
705 1342
706 834
706 835
706 841
706 872
706 963
706 1089
706 1341
707 833
707 835
707 840
707 871
707 962
707 1088
707 1340
708 833
708 834
708 839
708 870
708 961
708 1087
708 1339
709 832
709 835
709 838
709 869
709 960
709 1086
709 1338
710 832
710 834
710 837
710 868
710 959
710 1085
710 1337
711 832
711 833
711 836
711 867
711 958
711 1084
711 1336
712 830
712 831
712 841
712 866
712 957
712 1083
712 1335
713 829
713 831
713 840
713 865
713 956
713 1082
713 1334
714 829
714 830
714 839
714 864
714 955
714 1081
714 1333
715 828
715 831
715 838
715 863
715 954
715 1080
715 1332
716 828
716 830
716 837
716 862
716 953
716 1079
716 1331
717 828
717 829
717 836
717 861
717 952
717 1078
717 1330
718 827
718 831
718 835
718 860
718 951
718 1077
718 1329
719 827
719 830
719 834
719 859
719 950
719 1076
719 1328
720 827
720 829
720 833
720 858
720 949
720 1075
720 1327
721 827
721 828
721 832
721 857
721 948
721 1074
721 1326
722 825
722 826
722 841
722 856
722 947
722 1073
722 1325
723 824
723 826
723 840
723 855
723 946
723 1072
723 1324
724 824
724 825
724 839
724 854
724 945
724 1071
724 1323
725 823
725 826
725 838
725 853
725 944
725 1070
725 1322
726 823
726 825
726 837
726 852
726 943
726 1069
726 1321
727 823
727 824
727 836
727 851
727 942
727 1068
727 1320
728 822
728 826
728 835
728 850
728 941
728 1067
728 1319
729 822
729 825
729 834
729 849
729 940
729 1066
729 1318
730 822
730 824
730 833
730 848
730 939
730 1065
730 1317
731 822
731 823
731 832
731 847
731 938
731 1064
731 1316
732 821
732 826
732 831
732 846
732 937
732 1063
732 1315
733 821
733 825
733 830
733 845
733 936
733 1062
733 1314
734 821
734 824
734 829
734 844
734 935
734 1061
734 1313
735 821
735 823
735 828
735 843
735 934
735 1060
735 1312
736 821
736 822
736 827
736 842
736 933
736 1059
736 1311
737 818
737 819
737 820
737 876
737 932
737 1058
737 1310
738 816
738 817
738 820
738 875
738 931
738 1057
738 1309
739 815
739 817
739 819
739 874
739 930
739 1056
739 1308
740 815
740 816
740 818
740 873
740 929
740 1055
740 1307
741 813
741 814
741 820
741 872
741 928
741 1054
741 1306
742 812
742 814
742 819
742 871
742 927
742 1053
742 1305
743 812
743 813
743 818
743 870
743 926
743 1052
743 1304
744 811
744 814
744 817
744 869
744 925
744 1051
744 1303
745 811
745 813
745 816
745 868
745 924
745 1050
745 1302
746 811
746 812
746 815
746 867
746 923
746 1049
746 1301
747 809
747 810
747 820
747 866
747 922
747 1048
747 1300
748 808
748 810
748 819
748 865
748 921
748 1047
748 1299
749 808
749 809
749 818
749 864
749 920
749 1046
749 1298
750 807
750 810
750 817
750 863
750 919
750 1045
750 1297
751 807
751 809
751 816
751 862
751 918
751 1044
751 1296
752 807
752 808
752 815
752 861
752 917
752 1043
752 1295
753 806
753 810
753 814
753 860
753 916
753 1042
753 1294
754 806
754 809
754 813
754 859
754 915
754 1041
754 1293
755 806
755 808
755 812
755 858
755 914
755 1040
755 1292
756 806
756 807
756 811
756 857
756 913
756 1039
756 1291
757 804
757 805
757 820
757 856
757 912
757 1038
757 1290
758 803
758 805
758 819
758 855
758 911
758 1037
758 1289
759 803
759 804
759 818
759 854
759 910
759 1036
759 1288
760 802
760 805
760 817
760 853
760 909
760 1035
760 1287
761 802
761 804
761 816
761 852
761 908
761 1034
761 1286
762 802
762 803
762 815
762 851
762 907
762 1033
762 1285
763 801
763 805
763 814
763 850
763 906
763 1032
763 1284
764 801
764 804
764 813
764 849
764 905
764 1031
764 1283
765 801
765 803
765 812
765 848
765 904
765 1030
765 1282
766 801
766 802
766 811
766 847
766 903
766 1029
766 1281
767 800
767 805
767 810
767 846
767 902
767 1028
767 1280
768 800
768 804
768 809
768 845
768 901
768 1027
768 1279
769 800
769 803
769 808
769 844
769 900
769 1026
769 1278
770 800
770 802
770 807
770 843
770 899
770 1025
770 1277
771 800
771 801
771 806
771 842
771 898
771 1024
771 1276
772 798
772 799
772 820
772 841
772 897
772 1023
772 1275
773 797
773 799
773 819
773 840
773 896
773 1022
773 1274
774 797
774 798
774 818
774 839
774 895
774 1021
774 1273
775 796
775 799
775 817
775 838
775 894
775 1020
775 1272
776 796
776 798
776 816
776 837
776 893
776 1019
776 1271
777 796
777 797
777 815
777 836
777 892
777 1018
777 1270
778 795
778 799
778 814
778 835
778 891
778 1017
778 1269
779 795
779 798
779 813
779 834
779 890
779 1016
779 1268
780 795
780 797
780 812
780 833
780 889
780 1015
780 1267
781 795
781 796
781 811
781 832
781 888
781 1014
781 1266
782 794
782 799
782 810
782 831
782 887
782 1013
782 1265
783 794
783 798
783 809
783 830
783 886
783 1012
783 1264
784 794
784 797
784 808
784 829
784 885
784 1011
784 1263
785 794
785 796
785 807
785 828
785 884
785 1010
785 1262
786 794
786 795
786 806
786 827
786 883
786 1009
786 1261
787 793
787 799
787 805
787 826
787 882
787 1008
787 1260
788 793
788 798
788 804
788 825
788 881
788 1007
788 1259
789 793
789 797
789 803
789 824
789 880
789 1006
789 1258
790 793
790 796
790 802
790 823
790 879
790 1005
790 1257
791 793
791 795
791 801
791 822
791 878
791 1004
791 1256
792 793
792 794
792 800
792 821
792 877
792 1003
792 1255
793 1716
794 1715
795 1714
796 1713
797 1712
798 1711
799 1710
800 1709
801 1708
802 1707
803 1706
804 1705
805 1704
806 1703
807 1702
808 1701
809 1700
810 1699
811 1698
812 1697
813 1696
814 1695
815 1694
816 1693
817 1692
818 1691
819 1690
820 1689
821 1688
822 1687
823 1686
824 1685
825 1684
826 1683
827 1682
828 1681
829 1680
830 1679
831 1678
832 1677
833 1676
834 1675
835 1674
836 1673
837 1672
838 1671
839 1670
840 1669
841 1668
842 1667
843 1666
844 1665
845 1664
846 1663
847 1662
848 1661
849 1660
850 1659
851 1658
852 1657
853 1656
854 1655
855 1654
856 1653
857 1652
858 1651
859 1650
860 1649
861 1648
862 1647
863 1646
864 1645
865 1644
866 1643
867 1642
868 1641
869 1640
870 1639
871 1638
872 1637
873 1636
874 1635
875 1634
876 1633
877 1632
878 1631
879 1630
880 1629
881 1628
882 1627
883 1626
884 1625
885 1624
886 1623
887 1622
888 1621
889 1620
890 1619
891 1618
892 1617
893 1616
894 1615
895 1614
896 1613
897 1612
898 1611
899 1610
900 1609
901 1608
902 1607
903 1606
904 1605
905 1604
906 1603
907 1602
908 1601
909 1600
910 1599
911 1598
912 1597
913 1596
914 1595
915 1594
916 1593
917 1592
918 1591
919 1590
920 1589
921 1588
922 1587
923 1586
924 1585
925 1584
926 1583
927 1582
928 1581
929 1580
930 1579
931 1578
932 1577
933 1576
934 1575
935 1574
936 1573
937 1572
938 1571
939 1570
940 1569
941 1568
942 1567
943 1566
944 1565
945 1564
946 1563
947 1562
948 1561
949 1560
950 1559
951 1558
952 1557
953 1556
954 1555
955 1554
956 1553
957 1552
958 1551
959 1550
960 1549
961 1548
962 1547
963 1546
964 1545
965 1544
966 1543
967 1542
968 1541
969 1540
970 1539
971 1538
972 1537
973 1536
974 1535
975 1534
976 1533
977 1532
978 1531
979 1530
980 1529
981 1528
982 1527
983 1526
984 1525
985 1524
986 1523
987 1522
988 1521
989 1520
990 1519
991 1518
992 1517
993 1516
994 1515
995 1514
996 1513
997 1512
998 1511
999 1510
1000 1509
1001 1508
1002 1507
1003 1506
1004 1505
1005 1504
1006 1503
1007 1502
1008 1501
1009 1500
1010 1499
1011 1498
1012 1497
1013 1496
1014 1495
1015 1494
1016 1493
1017 1492
1018 1491
1019 1490
1020 1489
1021 1488
1022 1487
1023 1486
1024 1485
1025 1484
1026 1483
1027 1482
1028 1481
1029 1480
1030 1479
1031 1478
1032 1477
1033 1476
1034 1475
1035 1474
1036 1473
1037 1472
1038 1471
1039 1470
1040 1469
1041 1468
1042 1467
1043 1466
1044 1465
1045 1464
1046 1463
1047 1462
1048 1461
1049 1460
1050 1459
1051 1458
1052 1457
1053 1456
1054 1455
1055 1454
1056 1453
1057 1452
1058 1451
1059 1450
1060 1449
1061 1448
1062 1447
1063 1446
1064 1445
1065 1444
1066 1443
1067 1442
1068 1441
1069 1440
1070 1439
1071 1438
1072 1437
1073 1436
1074 1435
1075 1434
1076 1433
1077 1432
1078 1431
1079 1430
1080 1429
1081 1428
1082 1427
1083 1426
1084 1425
1085 1424
1086 1423
1087 1422
1088 1421
1089 1420
1090 1419
1091 1418
1092 1417
1093 1416
1094 1415
1095 1414
1096 1413
1097 1412
1098 1411
1099 1410
1100 1409
1101 1408
1102 1407
1103 1406
1104 1405
1105 1404
1106 1403
1107 1402
1108 1401
1109 1400
1110 1399
1111 1398
1112 1397
1113 1396
1114 1395
1115 1394
1116 1393
1117 1392
1118 1391
1119 1390
1120 1389
1121 1388
1122 1387
1123 1386
1124 1385
1125 1384
1126 1383
1127 1382
1128 1381
1129 1380
1130 1379
1131 1378
1132 1377
1133 1376
1134 1375
1135 1374
1136 1373
1137 1372
1138 1371
1139 1370
1140 1369
1141 1368
1142 1367
1143 1366
1144 1365
1145 1364
1146 1363
1147 1362
1148 1361
1149 1360
1150 1359
1151 1358
1152 1357
1153 1356
1154 1355
1155 1354
1156 1353
1157 1352
1158 1351
1159 1350
1160 1349
1161 1348
1162 1347
1163 1346
1164 1345
1165 1344
1166 1343
1167 1342
1168 1341
1169 1340
1170 1339
1171 1338
1172 1337
1173 1336
1174 1335
1175 1334
1176 1333
1177 1332
1178 1331
1179 1330
1180 1329
1181 1328
1182 1327
1183 1326
1184 1325
1185 1324
1186 1323
1187 1322
1188 1321
1189 1320
1190 1319
1191 1318
1192 1317
1193 1316
1194 1315
1195 1314
1196 1313
1197 1312
1198 1311
1199 1310
1200 1309
1201 1308
1202 1307
1203 1306
1204 1305
1205 1304
1206 1303
1207 1302
1208 1301
1209 1300
1210 1299
1211 1298
1212 1297
1213 1296
1214 1295
1215 1294
1216 1293
1217 1292
1218 1291
1219 1290
1220 1289
1221 1288
1222 1287
1223 1286
1224 1285
1225 1284
1226 1283
1227 1282
1228 1281
1229 1280
1230 1279
1231 1278
1232 1277
1233 1276
1234 1275
1235 1274
1236 1273
1237 1272
1238 1271
1239 1270
1240 1269
1241 1268
1242 1267
1243 1266
1244 1265
1245 1264
1246 1263
1247 1262
1248 1261
1249 1260
1250 1259
1251 1258
1252 1257
1253 1256
1254 1255